HWC
64 64 2
9.074000 7.495000 
7.641000 4.447000 
7.745000 7.307000 
9.754000 2.134000 
0.857000 9.138000 
1.750000 6.647000 
2.601000 8.804000 
1.666000 6.342000 
4.830000 9.683000 
0.290000 1.392000 
2.270000 9.509000 
2.760000 5.367000 
2.860000 2.551000 
2.189000 8.981000 
2.823000 6.420000 
1.028000 7.934000 
2.953000 8.330000 
4.451000 0.335000 
4.774000 1.451000 
7.840000 0.208000 
7.676000 8.015000 
1.957000 3.711000 
1.134000 5.623000 
9.246000 4.372000 
3.879000 4.499000 
5.130000 1.404000 
1.030000 0.143000 
6.026000 2.275000 
9.463000 2.623000 
9.991000 8.906000 
2.817000 9.639000 
0.790000 6.967000 
9.418000 9.352000 
2.652000 7.157000 
6.316000 8.905000 
0.356000 5.100000 
4.175000 7.593000 
0.409000 1.643000 
7.380000 7.994000 
7.997000 9.192000 
9.132000 4.668000 
5.652000 1.820000 
8.182000 0.662000 
4.610000 4.710000 
9.837000 9.303000 
5.154000 9.825000 
8.580000 7.057000 
5.485000 0.345000 
1.145000 2.755000 
5.895000 8.766000 
1.652000 2.616000 
1.543000 5.047000 
5.982000 7.979000 
8.000000 0.023000 
8.327000 9.510000 
6.033000 4.783000 
3.925000 3.975000 
2.113000 3.898000 
4.874000 0.028000 
0.193000 0.501000 
8.482000 3.663000 
8.988000 3.063000 
3.470000 3.833000 
1.484000 3.033000 


2.506000 5.231000 
2.454000 4.736000 
8.348000 2.801000 
2.544000 7.420000 
4.487000 3.860000 
7.474000 7.144000 
2.200000 3.152000 
5.945000 5.447000 
5.898000 9.422000 
6.159000 8.385000 
5.275000 9.400000 
0.842000 1.549000 
0.608000 5.157000 
8.685000 1.730000 
5.982000 0.922000 
7.420000 6.730000 
3.399000 8.023000 
0.311000 0.418000 
3.948000 6.109000 
2.991000 2.823000 
9.419000 8.033000 
2.986000 5.342000 
4.646000 7.248000 
5.338000 1.737000 
6.483000 4.648000 
2.521000 1.436000 
1.238000 3.963000 
7.907000 0.533000 
7.472000 1.783000 
4.682000 2.131000 
2.446000 4.099000 
6.063000 6.521000 
5.597000 8.397000 
2.589000 0.940000 
3.731000 0.760000 
0.746000 5.317000 
6.212000 1.381000 
3.282000 6.575000 
5.596000 3.512000 
2.863000 3.262000 
3.908000 9.283000 
7.844000 3.028000 
4.182000 5.918000 
1.434000 9.499000 
7.392000 8.540000 
7.097000 6.403000 
8.495000 7.057000 
9.006000 8.875000 
4.682000 5.763000 
7.437000 3.158000 
8.931000 2.900000 
9.367000 4.363000 
5.984000 3.787000 
0.724000 2.127000 
2.810000 9.633000 
8.559000 4.730000 
9.370000 8.471000 
8.340000 1.131000 
3.409000 3.989000 
9.135000 9.537000 
7.609000 4.553000 
9.866000 0.256000 
4.920000 0.845000 
1.102000 3.072000 


5.125000 9.984000 
5.877000 7.090000 
1.498000 8.416000 
5.784000 2.106000 
3.981000 4.430000 
6.044000 9.228000 
7.280000 0.796000 
2.002000 1.558000 
4.468000 6.945000 
9.009000 5.985000 
1.467000 7.494000 
5.058000 3.349000 
8.963000 9.238000 
1.522000 8.676000 
4.893000 9.888000 
6.044000 0.374000 
9.341000 7.211000 
4.059000 5.210000 
0.301000 9.130000 
5.008000 0.750000 
9.314000 1.683000 
4.807000 5.990000 
6.183000 2.947000 
3.677000 2.741000 
9.698000 7.720000 
5.852000 9.284000 
8.339000 7.864000 
9.949000 0.024000 
4.954000 0.100000 
8.419000 2.166000 
4.673000 3.182000 
1.140000 7.720000 
8.579000 4.595000 
1.075000 6.936000 
4.997000 5.467000 
9.766000 0.562000 
9.902000 7.187000 
9.456000 9.276000 
0.819000 8.831000 
1.086000 9.149000 
8.344000 0.449000 
0.328000 1.538000 
8.538000 2.976000 
8.848000 2.081000 
6.904000 3.424000 
4.974000 6.842000 
7.863000 0.457000 
8.577000 4.966000 
6.055000 9.045000 
9.153000 4.414000 
3.941000 8.699000 
7.281000 4.244000 
6.401000 6.898000 
9.425000 9.873000 
5.767000 2.589000 
6.288000 7.618000 
2.971000 5.080000 
3.598000 2.519000 
3.236000 9.385000 
8.352000 1.055000 
0.354000 8.833000 
4.398000 3.420000 
5.388000 4.510000 
6.270000 0.372000 


5.143000 4.070000 
7.650000 5.337000 
4.160000 4.108000 
1.055000 3.618000 
5.821000 7.542000 
1.157000 6.737000 
6.028000 0.925000 
6.079000 7.892000 
9.454000 9.019000 
8.551000 4.344000 
5.430000 5.224000 
9.968000 0.600000 
7.645000 8.712000 
1.808000 8.051000 
9.400000 0.135000 
6.627000 9.405000 
6.341000 5.890000 
9.133000 3.957000 
1.391000 7.402000 
0.728000 9.852000 
2.496000 9.880000 
6.718000 8.493000 
9.612000 4.302000 
9.360000 1.377000 
8.484000 6.947000 
0.206000 8.534000 
6.437000 5.660000 
6.642000 8.243000 
6.780000 6.146000 
5.110000 2.321000 
2.325000 3.666000 
3.034000 3.739000 
2.311000 5.489000 
4.294000 0.466000 
9.015000 0.601000 
7.990000 1.147000 
9.671000 0.973000 
0.989000 9.505000 
2.621000 1.352000 
8.215000 9.878000 
8.482000 5.747000 
2.094000 9.860000 
8.691000 3.118000 
5.658000 0.507000 
0.615000 0.112000 
7.478000 4.919000 
9.140000 8.459000 
4.066000 6.937000 
6.409000 8.029000 
5.249000 2.317000 
4.703000 9.677000 
2.405000 2.044000 
8.017000 0.976000 
4.477000 8.299000 
4.870000 3.677000 
7.800000 0.541000 
3.299000 9.064000 
2.812000 1.545000 
3.169000 0.581000 
1.407000 4.946000 
7.485000 1.273000 
4.522000 1.932000 
9.035000 1.033000 
2.575000 7.396000 


6.497000 7.127000 
7.842000 9.529000 
9.894000 9.289000 
5.440000 3.431000 
6.509000 1.240000 
6.980000 3.128000 
5.133000 9.202000 
2.088000 9.935000 
3.059000 4.247000 
2.086000 0.968000 
0.239000 2.338000 
0.844000 4.956000 
6.825000 1.089000 
5.720000 6.173000 
4.730000 4.914000 
8.326000 5.405000 
4.615000 4.990000 
9.781000 7.737000 
2.567000 2.051000 
5.845000 7.117000 
9.556000 9.181000 
8.775000 8.834000 
3.434000 0.324000 
1.301000 9.498000 
8.086000 5.321000 
3.151000 7.887000 
9.486000 5.482000 
3.297000 0.707000 
3.509000 4.482000 
1.594000 2.142000 
9.768000 3.142000 
0.900000 9.689000 
9.833000 6.853000 
0.772000 1.408000 
7.382000 1.943000 
2.194000 6.237000 
8.890000 4.340000 
6.739000 1.865000 
5.300000 3.928000 
4.000000 1.538000 
1.331000 5.874000 
2.187000 8.714000 
6.877000 2.953000 
6.011000 1.126000 
6.261000 1.738000 
1.948000 5.859000 
4.963000 9.801000 
6.108000 5.500000 
2.435000 5.894000 
5.009000 0.544000 
7.970000 7.309000 
2.687000 5.235000 
0.254000 4.652000 
0.577000 2.156000 
3.002000 7.207000 
6.001000 2.901000 
0.434000 9.412000 
6.109000 0.034000 
3.454000 4.413000 
8.484000 4.146000 
2.974000 3.645000 
5.662000 1.795000 
0.463000 4.127000 
8.062000 7.605000 


2.176000 6.644000 
3.326000 5.069000 
0.375000 5.625000 
1.835000 0.301000 
4.922000 1.065000 
2.452000 1.952000 
4.567000 8.436000 
9.460000 3.830000 
9.411000 2.626000 
7.153000 5.869000 
3.529000 9.091000 
3.970000 2.879000 
6.044000 2.180000 
9.509000 4.116000 
6.564000 3.058000 
4.945000 0.364000 
3.715000 3.445000 
3.389000 1.101000 
9.865000 4.988000 
2.289000 9.079000 
8.163000 9.534000 
1.743000 8.102000 
8.906000 0.683000 
4.401000 0.912000 
3.094000 1.688000 
2.728000 6.107000 
5.686000 2.780000 
5.314000 5.365000 
9.470000 7.502000 
1.253000 5.873000 
9.469000 3.066000 
6.660000 4.690000 
1.040000 8.943000 
5.520000 2.713000 
2.497000 5.533000 
3.704000 7.640000 
2.149000 7.091000 
3.451000 2.617000 
8.577000 9.494000 
9.662000 1.344000 
0.563000 0.822000 
1.689000 3.641000 
5.380000 8.349000 
2.777000 4.962000 
3.837000 1.033000 
7.722000 2.913000 
9.334000 1.537000 
2.944000 2.403000 
5.873000 5.942000 
9.465000 1.749000 
5.109000 0.282000 
2.440000 9.165000 
3.651000 2.622000 
0.200000 4.025000 
0.646000 4.884000 
7.499000 3.449000 
3.217000 0.935000 
5.326000 3.881000 
9.134000 8.322000 
5.760000 6.908000 
4.037000 3.489000 
1.417000 0.125000 
5.780000 2.006000 
1.352000 3.004000 


1.199000 3.605000 
2.975000 6.962000 
4.353000 6.388000 
1.828000 5.877000 
2.827000 2.807000 
9.584000 9.013000 
0.645000 4.996000 
2.827000 2.920000 
8.291000 6.905000 
6.715000 9.727000 
1.855000 7.534000 
9.413000 2.253000 
5.482000 9.189000 
7.993000 6.783000 
5.574000 6.988000 
6.131000 8.780000 
9.137000 2.040000 
5.904000 9.625000 
0.588000 4.147000 
3.275000 4.945000 
1.461000 0.177000 
5.041000 0.796000 
5.092000 5.369000 
0.397000 8.350000 
2.539000 4.443000 
4.862000 8.907000 
7.580000 1.803000 
5.807000 5.965000 
3.588000 9.426000 
9.455000 5.597000 
7.064000 2.122000 
4.171000 9.700000 
3.567000 1.506000 
4.564000 6.584000 
6.172000 5.704000 
7.840000 1.952000 
0.516000 2.762000 
4.306000 4.518000 
8.381000 5.183000 
6.169000 9.263000 
9.028000 0.869000 
3.886000 8.441000 
2.193000 8.391000 
2.166000 4.166000 
8.074000 2.653000 
1.639000 0.102000 
2.868000 2.572000 
6.522000 5.125000 
5.308000 1.846000 
9.800000 5.606000 
0.784000 8.378000 
0.692000 1.985000 
5.824000 7.499000 
0.866000 3.835000 
5.592000 5.475000 
0.947000 6.720000 
9.299000 8.155000 
1.558000 7.444000 
4.110000 7.997000 
4.719000 9.921000 
7.326000 4.359000 
7.727000 4.631000 
0.954000 8.137000 
3.411000 0.862000 


6.127000 8.161000 
5.482000 2.732000 
4.131000 7.098000 
7.064000 2.098000 
0.793000 5.287000 
1.003000 4.543000 
2.728000 6.564000 
6.593000 1.553000 
9.147000 3.110000 
4.375000 3.277000 
2.923000 0.061000 
3.747000 0.730000 
4.968000 5.764000 
2.287000 0.634000 
2.043000 3.859000 
0.976000 7.709000 
4.183000 3.808000 
3.013000 7.066000 
7.460000 2.276000 
5.639000 8.452000 
1.728000 2.931000 
7.228000 1.736000 
7.115000 4.260000 
3.712000 0.918000 
9.140000 6.455000 
8.163000 4.442000 
3.352000 3.184000 
2.429000 5.951000 
8.557000 4.526000 
8.800000 1.410000 
4.561000 6.711000 
3.992000 2.522000 
5.060000 1.638000 
5.202000 5.199000 
5.502000 3.898000 
2.724000 8.442000 
5.083000 9.771000 
1.934000 6.151000 
9.556000 1.121000 
6.843000 6.680000 
8.972000 1.479000 
0.750000 9.081000 
1.414000 0.537000 
2.828000 8.123000 
4.651000 8.147000 
1.780000 9.432000 
3.512000 4.884000 
6.901000 4.963000 
2.587000 6.400000 
3.120000 2.295000 
4.812000 1.376000 
4.515000 8.256000 
0.099000 8.455000 
7.053000 3.216000 
7.497000 3.624000 
2.369000 0.273000 
5.029000 0.999000 
4.859000 5.388000 
8.830000 0.016000 
5.321000 1.567000 
1.027000 3.651000 
0.613000 1.349000 
7.672000 2.510000 
3.561000 7.702000 


2.160000 9.444000 
4.699000 9.395000 
4.302000 9.578000 
4.035000 7.747000 
7.519000 5.846000 
4.618000 8.948000 
2.168000 5.035000 
6.945000 7.024000 
4.143000 8.829000 
4.005000 5.076000 
0.339000 0.634000 
2.152000 5.788000 
9.780000 0.509000 
5.181000 9.392000 
7.267000 5.783000 
3.517000 6.021000 
5.627000 9.208000 
5.778000 0.644000 
5.291000 6.843000 
9.660000 9.820000 
6.969000 6.542000 
6.138000 5.852000 
6.714000 6.673000 
7.146000 0.596000 
0.249000 5.110000 
4.089000 4.849000 
7.034000 3.176000 
7.028000 2.487000 
9.677000 2.500000 
1.316000 8.276000 
2.691000 4.613000 
0.348000 8.962000 
1.366000 9.328000 
6.180000 7.540000 
2.222000 6.260000 
6.417000 9.599000 
0.481000 0.966000 
6.803000 6.179000 
6.896000 5.683000 
5.058000 7.841000 
1.423000 4.584000 
7.699000 3.521000 
1.897000 5.523000 
1.233000 3.464000 
3.574000 6.215000 
6.377000 2.576000 
5.890000 0.517000 
1.961000 0.078000 
8.231000 3.691000 
5.843000 8.555000 
3.346000 8.758000 
1.905000 2.645000 
3.005000 8.560000 
3.958000 9.007000 
2.100000 3.501000 
0.586000 3.798000 
4.594000 3.804000 
1.054000 4.529000 
9.142000 5.331000 
5.509000 2.878000 
9.540000 4.248000 
5.279000 9.698000 
9.131000 7.792000 
3.131000 1.239000 


1.784000 4.514000 
3.754000 3.590000 
2.330000 0.295000 
9.601000 9.058000 
3.668000 5.343000 
2.914000 9.030000 
0.945000 8.115000 
1.117000 8.154000 
0.749000 2.091000 
8.064000 0.104000 
7.306000 7.291000 
2.629000 8.752000 
6.008000 1.596000 
1.840000 7.321000 
3.801000 9.567000 
1.143000 4.171000 
6.742000 2.748000 
4.647000 4.258000 
5.957000 5.212000 
4.250000 4.884000 
0.763000 5.534000 
9.811000 8.093000 
4.643000 4.882000 
1.734000 4.031000 
8.019000 5.987000 
5.984000 0.971000 
8.146000 6.880000 
2.851000 9.008000 
0.948000 8.921000 
6.453000 0.723000 
7.379000 3.235000 
7.362000 0.294000 
0.397000 0.751000 
9.231000 4.675000 
4.257000 6.126000 
6.023000 3.426000 
2.380000 4.083000 
2.067000 6.282000 
6.764000 1.264000 
3.135000 2.212000 
0.543000 6.266000 
1.038000 3.504000 
5.201000 5.108000 
7.469000 4.549000 
7.235000 5.035000 
9.791000 7.804000 
3.538000 7.035000 
3.330000 6.557000 
2.211000 6.352000 
2.822000 1.250000 
2.191000 1.952000 
1.245000 5.861000 
1.486000 6.838000 
1.269000 7.833000 
0.063000 7.832000 
4.116000 9.972000 
9.918000 8.633000 
5.237000 7.115000 
8.946000 3.440000 
1.921000 7.728000 
9.254000 1.037000 
5.561000 5.331000 
0.091000 1.723000 
3.905000 9.590000 


0.723000 2.915000 
4.459000 6.092000 
1.803000 6.301000 
1.538000 3.484000 
4.947000 7.667000 
9.743000 2.486000 
2.514000 6.745000 
2.256000 2.947000 
0.912000 1.644000 
4.949000 1.481000 
3.621000 6.829000 
4.515000 8.655000 
7.538000 2.675000 
5.673000 3.468000 
2.074000 3.662000 
2.901000 0.014000 
5.176000 1.889000 
5.746000 3.230000 
3.856000 7.230000 
3.076000 6.889000 
8.560000 4.247000 
7.430000 5.124000 
0.633000 3.835000 
1.748000 0.052000 
1.859000 9.753000 
1.663000 9.677000 
9.394000 6.594000 
5.497000 5.788000 
9.400000 0.994000 
0.455000 6.336000 
7.609000 7.327000 
6.725000 8.985000 
5.672000 8.894000 
8.074000 9.206000 
1.832000 2.643000 
5.635000 7.739000 
4.819000 8.219000 
7.556000 9.067000 
7.430000 7.226000 
6.477000 5.444000 
1.301000 9.484000 
9.262000 6.844000 
7.194000 1.128000 
4.270000 7.866000 
0.304000 7.069000 
3.344000 9.377000 
5.235000 7.634000 
9.166000 0.214000 
3.768000 9.843000 
1.093000 6.829000 
8.878000 1.117000 
3.176000 8.591000 
7.772000 7.693000 
4.500000 8.243000 
0.026000 4.152000 
5.307000 6.013000 
0.416000 1.162000 
5.248000 6.149000 
8.653000 7.275000 
5.306000 1.663000 
4.230000 0.547000 
9.131000 7.522000 
7.371000 1.055000 
2.392000 0.809000 


5.628000 7.022000 
6.316000 5.003000 
3.142000 3.151000 
0.849000 7.878000 
6.875000 6.514000 
6.271000 7.868000 
2.063000 9.024000 
8.695000 9.969000 
1.806000 5.200000 
2.867000 5.795000 
5.186000 7.161000 
6.465000 3.818000 
6.169000 2.051000 
7.074000 8.787000 
5.195000 6.297000 
7.645000 4.566000 
9.610000 6.629000 
2.674000 1.190000 
4.076000 6.599000 
9.742000 6.586000 
9.807000 1.056000 
4.908000 8.722000 
7.654000 0.346000 
7.638000 3.807000 
7.383000 6.077000 
9.214000 0.622000 
1.970000 6.535000 
6.696000 3.976000 
4.462000 9.736000 
1.227000 5.826000 
9.830000 6.886000 
0.141000 1.069000 
7.482000 3.934000 
7.118000 6.338000 
4.483000 7.154000 
8.699000 4.034000 
8.867000 2.533000 
4.932000 1.680000 
3.588000 8.584000 
1.964000 7.605000 
9.504000 2.495000 
8.801000 2.064000 
4.411000 7.167000 
3.052000 6.273000 
7.675000 4.718000 
6.221000 3.722000 
7.669000 6.242000 
4.664000 1.783000 
1.740000 7.143000 
5.816000 2.881000 
4.777000 9.690000 
3.953000 6.101000 
3.825000 6.939000 
9.922000 6.208000 
9.320000 6.280000 
2.651000 4.505000 
8.694000 3.988000 
0.856000 1.089000 
9.621000 9.815000 
5.799000 7.906000 
5.792000 6.024000 
1.859000 6.009000 
7.387000 7.868000 
0.353000 7.133000 


0.374000 9.909000 
4.342000 9.567000 
0.834000 3.889000 
8.004000 2.611000 
9.345000 5.863000 
3.571000 1.440000 
6.866000 7.349000 
8.034000 8.970000 
5.604000 2.342000 
2.581000 0.262000 
7.645000 2.754000 
2.299000 5.797000 
6.704000 5.553000 
2.589000 7.586000 
2.654000 3.026000 
5.771000 1.801000 
3.579000 4.026000 
2.406000 2.280000 
4.793000 2.052000 
3.103000 5.089000 
2.214000 6.435000 
3.987000 0.610000 
8.013000 0.035000 
8.336000 7.864000 
2.332000 4.427000 
2.531000 4.789000 
0.798000 0.769000 
1.043000 0.061000 
9.204000 4.412000 
9.574000 6.185000 
5.010000 7.724000 
4.409000 1.613000 
3.830000 1.480000 
1.804000 0.038000 
9.463000 6.505000 
6.665000 6.467000 
2.119000 1.765000 
2.253000 5.632000 
0.523000 3.313000 
5.296000 8.025000 
7.318000 8.193000 
4.831000 8.078000 
9.039000 7.504000 
3.853000 4.278000 
1.202000 7.665000 
0.345000 3.422000 
3.006000 8.504000 
8.013000 0.134000 
5.091000 7.158000 
6.558000 0.568000 
6.171000 4.006000 
8.395000 5.997000 
0.679000 5.756000 
9.665000 8.245000 
8.617000 7.326000 
5.983000 4.666000 
2.139000 0.997000 
3.413000 6.999000 
2.342000 9.609000 
5.641000 3.039000 
1.974000 7.345000 
7.030000 0.662000 
5.043000 4.982000 
1.801000 4.806000 


4.177000 5.343000 
0.073000 3.526000 
3.348000 9.506000 
1.447000 1.662000 
4.045000 7.764000 
7.301000 3.076000 
2.767000 2.427000 
0.411000 1.214000 
9.389000 8.530000 
5.251000 8.230000 
7.896000 0.293000 
6.634000 5.468000 
3.666000 1.755000 
8.011000 6.015000 
9.242000 8.051000 
5.676000 0.593000 
8.526000 0.880000 
7.531000 5.081000 
3.199000 1.123000 
0.033000 6.864000 
6.176000 1.018000 
6.155000 1.318000 
5.477000 1.402000 
4.987000 8.923000 
7.470000 9.995000 
5.265000 3.134000 
3.155000 4.649000 
3.553000 3.240000 
2.838000 0.269000 
1.293000 0.743000 
0.957000 6.979000 
0.493000 8.513000 
2.057000 5.669000 
6.290000 5.787000 
5.765000 5.338000 
8.303000 5.400000 
2.838000 6.486000 
3.609000 9.957000 
9.375000 3.214000 
9.191000 4.183000 
6.589000 4.923000 
5.008000 5.028000 
3.852000 6.444000 
8.946000 6.000000 
0.218000 4.971000 
9.716000 4.746000 
4.568000 1.663000 
2.393000 7.712000 
2.051000 4.565000 
9.698000 0.537000 
6.312000 2.057000 
1.530000 9.746000 
6.896000 1.928000 
2.349000 8.407000 
3.692000 7.029000 
8.620000 4.123000 
3.729000 6.788000 
0.985000 3.330000 
0.659000 8.908000 
9.797000 0.289000 
2.428000 9.657000 
1.597000 8.048000 
0.838000 4.078000 
6.171000 2.834000 


3.241000 9.679000 
3.300000 7.876000 
1.101000 6.148000 
8.144000 3.943000 
1.359000 1.702000 
4.368000 4.597000 
7.532000 7.368000 
3.228000 6.307000 
2.529000 7.048000 
1.700000 9.788000 
8.061000 0.051000 
1.430000 5.834000 
0.298000 2.098000 
3.639000 2.576000 
8.075000 7.578000 
2.851000 4.125000 
6.223000 7.562000 
8.801000 0.724000 
5.991000 5.772000 
7.473000 6.563000 
5.495000 8.789000 
1.708000 3.009000 
7.662000 3.791000 
4.472000 2.246000 
1.793000 4.971000 
3.512000 3.809000 
9.175000 9.629000 
3.892000 4.420000 
4.853000 4.873000 
0.927000 9.049000 
4.821000 1.806000 
3.460000 2.693000 
6.566000 2.199000 
6.063000 2.285000 
8.295000 8.239000 
4.458000 7.927000 
2.220000 8.577000 
3.387000 0.792000 
3.170000 6.558000 
9.356000 8.235000 
9.619000 8.704000 
9.147000 7.273000 
9.256000 5.982000 
4.523000 5.730000 
3.061000 8.947000 
8.285000 7.361000 
8.690000 4.437000 
9.522000 6.672000 
5.810000 1.175000 
2.718000 5.104000 
6.664000 8.392000 
1.347000 0.635000 
8.429000 3.561000 
2.025000 4.521000 
4.841000 1.466000 
4.334000 9.856000 
3.515000 7.807000 
2.184000 0.911000 
6.702000 6.388000 
3.426000 5.162000 
9.309000 1.274000 
9.646000 8.403000 
7.458000 1.555000 
4.360000 0.994000 


8.796000 3.165000 
4.416000 6.181000 
3.381000 5.520000 
5.945000 1.367000 
9.406000 2.942000 
1.142000 6.245000 
3.918000 9.449000 
1.916000 5.211000 
5.596000 4.397000 
2.453000 1.131000 
9.500000 5.346000 
3.686000 3.405000 
2.059000 1.201000 
4.044000 4.506000 
7.951000 8.945000 
0.751000 6.932000 
2.533000 2.712000 
8.259000 3.525000 
3.199000 5.910000 
8.288000 2.682000 
5.662000 6.253000 
7.682000 0.372000 
7.419000 1.852000 
3.474000 0.869000 
6.465000 3.698000 
0.130000 8.837000 
2.446000 6.567000 
4.062000 7.434000 
9.484000 8.486000 
7.151000 5.503000 
8.176000 9.092000 
2.492000 0.362000 
6.248000 0.035000 
7.635000 6.059000 
3.619000 7.168000 
4.579000 0.109000 
4.642000 3.934000 
3.805000 2.716000 
9.498000 6.337000 
4.475000 7.300000 
3.464000 9.805000 
6.207000 3.885000 
4.843000 3.859000 
8.359000 9.838000 
5.267000 7.500000 
5.915000 7.407000 
4.729000 3.755000 
3.147000 2.631000 
8.391000 6.767000 
1.005000 7.129000 
8.057000 1.622000 
4.013000 2.122000 
7.938000 8.354000 
6.191000 9.266000 
5.857000 2.829000 
4.077000 8.320000 
6.953000 6.124000 
2.091000 0.158000 
6.946000 2.916000 
9.593000 0.241000 
1.013000 7.736000 
0.708000 7.181000 
6.376000 8.273000 
4.526000 5.626000 


1.680000 9.437000 
7.708000 0.271000 
7.728000 1.966000 
0.931000 1.205000 
3.506000 8.205000 
2.296000 3.483000 
8.100000 5.477000 
8.350000 4.106000 
5.558000 6.506000 
9.491000 4.273000 
9.022000 7.244000 
1.151000 4.601000 
3.743000 5.224000 
0.896000 1.063000 
0.464000 7.975000 
0.348000 7.902000 
1.976000 5.525000 
3.890000 7.742000 
8.742000 5.569000 
9.788000 0.902000 
5.681000 2.274000 
4.834000 8.278000 
6.230000 6.817000 
8.334000 8.837000 
5.480000 0.834000 
6.865000 4.987000 
9.916000 8.204000 
7.079000 5.940000 
5.233000 2.043000 
7.904000 1.718000 
2.927000 3.416000 
9.607000 4.276000 
9.321000 3.513000 
6.392000 4.498000 
5.409000 2.364000 
8.161000 4.305000 
2.871000 9.814000 
3.022000 3.965000 
2.772000 9.914000 
2.339000 0.170000 
2.006000 4.199000 
8.536000 7.410000 
4.103000 9.137000 
0.783000 2.012000 
6.143000 3.485000 
9.711000 7.818000 
7.535000 1.214000 
4.628000 7.887000 
1.419000 7.736000 
3.487000 6.604000 
7.624000 6.208000 
1.889000 4.765000 
2.750000 9.902000 
8.404000 1.296000 
8.157000 5.815000 
6.598000 5.771000 
2.141000 7.029000 
5.005000 5.923000 
5.728000 3.741000 
3.055000 2.001000 
9.461000 4.619000 
8.680000 0.158000 
7.482000 5.975000 
2.379000 4.803000 


7.958000 2.853000 
1.818000 8.297000 
3.612000 7.867000 
6.898000 5.177000 
4.476000 6.929000 
8.417000 6.346000 
9.412000 6.332000 
6.771000 2.664000 
9.320000 4.045000 
6.998000 5.037000 
4.381000 3.629000 
5.477000 0.343000 
1.308000 9.462000 
0.712000 1.976000 
4.481000 4.620000 
2.148000 5.982000 
5.506000 8.959000 
8.722000 3.114000 
9.604000 7.087000 
8.255000 1.388000 
7.406000 1.992000 
3.011000 4.595000 
4.981000 5.097000 
9.204000 8.598000 
3.811000 7.215000 
4.257000 1.989000 
9.778000 5.296000 
9.210000 0.300000 
7.534000 1.087000 
8.964000 4.390000 
3.953000 1.076000 
3.271000 7.869000 
9.936000 5.968000 
8.118000 0.759000 
9.737000 8.633000 
9.091000 8.268000 
3.929000 9.875000 
4.093000 6.840000 
0.105000 1.204000 
6.646000 6.811000 
0.510000 3.480000 
7.089000 2.877000 
6.647000 2.126000 
3.148000 8.716000 
2.453000 6.323000 
9.209000 0.945000 
0.135000 9.043000 
7.575000 9.716000 
4.986000 9.417000 
3.788000 8.903000 
6.509000 2.525000 
4.128000 9.438000 
2.538000 9.480000 
7.981000 7.414000 
8.926000 1.251000 
5.015000 7.290000 
6.868000 8.430000 
5.354000 3.795000 
1.066000 4.224000 
0.266000 1.776000 
2.129000 0.904000 
4.385000 0.931000 
7.479000 9.813000 
9.502000 8.848000 


0.163000 3.378000 
0.963000 3.733000 
9.845000 3.576000 
7.973000 9.268000 
9.312000 2.916000 
4.842000 7.009000 
6.030000 1.168000 
6.629000 8.254000 
3.647000 8.663000 
8.805000 9.344000 
0.354000 1.467000 
4.625000 1.133000 
7.260000 3.987000 
7.898000 0.776000 
0.522000 5.813000 
8.312000 6.649000 
2.052000 9.274000 
4.060000 2.212000 
1.539000 5.446000 
0.767000 6.455000 
0.630000 6.481000 
7.791000 5.160000 
5.553000 4.521000 
7.745000 8.529000 
2.834000 3.358000 
2.774000 7.662000 
1.954000 3.182000 
2.392000 7.100000 
6.432000 4.254000 
3.543000 1.592000 
6.740000 9.315000 
3.636000 0.634000 
2.000000 9.718000 
2.268000 1.791000 
3.192000 3.296000 
0.963000 4.959000 
6.682000 4.322000 
4.981000 5.675000 
4.733000 8.911000 
9.186000 1.192000 
6.242000 8.664000 
4.642000 9.085000 
5.430000 6.124000 
5.481000 0.141000 
3.001000 5.094000 
3.082000 2.408000 
2.111000 2.537000 
3.568000 1.540000 
0.992000 4.673000 
0.660000 6.173000 
2.491000 5.188000 
9.733000 2.841000 
2.496000 7.069000 
5.056000 6.098000 
7.148000 1.168000 
8.717000 3.231000 
9.265000 1.695000 
8.015000 8.720000 
0.166000 1.184000 
5.589000 8.986000 
8.312000 0.016000 
1.884000 3.239000 
7.454000 2.452000 
9.820000 5.880000 


9.941000 5.362000 
1.797000 7.519000 
4.342000 4.567000 
5.432000 4.369000 
5.960000 9.816000 
9.556000 5.932000 
0.167000 3.182000 
6.772000 5.424000 
9.343000 7.374000 
7.573000 5.807000 
6.301000 4.551000 
6.631000 1.830000 
2.361000 3.139000 
1.054000 5.281000 
3.808000 7.560000 
0.230000 9.998000 
6.474000 3.417000 
8.617000 5.019000 
2.303000 3.004000 
1.194000 4.230000 
2.832000 8.177000 
2.793000 4.163000 
8.274000 9.886000 
7.411000 0.782000 
3.608000 0.637000 
6.128000 9.848000 
1.578000 0.071000 
7.686000 5.384000 
8.023000 3.461000 
3.372000 6.474000 
5.700000 9.206000 
8.948000 9.701000 
6.892000 7.486000 
2.347000 4.156000 
0.186000 9.402000 
4.881000 7.446000 
4.700000 2.777000 
4.884000 2.422000 
8.316000 6.399000 
7.969000 6.173000 
2.792000 4.233000 
7.345000 5.417000 
8.969000 1.755000 
5.958000 9.459000 
6.461000 5.082000 
4.192000 4.633000 
1.837000 6.126000 
3.486000 7.371000 
2.311000 7.769000 
2.698000 3.540000 
0.711000 8.222000 
7.201000 0.032000 
2.622000 7.712000 
5.323000 5.675000 
6.083000 9.670000 
6.805000 8.551000 
1.349000 1.476000 
2.211000 2.068000 
6.664000 2.296000 
0.676000 0.232000 
3.794000 6.464000 
9.347000 8.981000 
0.293000 1.351000 
8.396000 2.566000 


8.926000 6.498000 
5.411000 6.764000 
1.560000 8.645000 
4.092000 5.534000 
5.878000 9.708000 
0.491000 0.655000 
0.045000 4.235000 
0.964000 7.244000 
3.548000 7.381000 
8.660000 3.739000 
5.910000 8.809000 
0.318000 4.241000 
9.046000 1.422000 
5.344000 3.026000 
3.140000 6.535000 
6.766000 0.347000 
3.873000 1.979000 
4.578000 9.106000 
0.807000 6.842000 
4.962000 7.321000 
7.738000 9.898000 
9.877000 4.823000 
6.537000 3.473000 
7.842000 2.675000 
7.901000 0.601000 
6.724000 5.671000 
0.326000 5.008000 
6.302000 9.298000 
0.129000 3.474000 
4.825000 9.375000 
2.360000 3.722000 
3.022000 8.271000 
7.403000 6.107000 
7.636000 4.363000 
0.644000 9.603000 
4.406000 3.690000 
0.802000 0.894000 
1.814000 9.693000 
9.470000 0.729000 
9.813000 6.120000 
6.929000 4.049000 
0.357000 2.527000 
0.488000 7.004000 
7.384000 2.134000 
4.211000 6.517000 
9.649000 6.552000 
9.627000 4.316000 
8.986000 9.361000 
5.367000 0.480000 
4.527000 9.431000 
7.842000 8.966000 
3.482000 6.117000 
6.832000 0.071000 
5.198000 8.305000 
0.257000 0.617000 
5.762000 7.862000 
6.093000 3.207000 
4.053000 4.692000 
1.777000 3.475000 
7.462000 9.306000 
8.579000 3.479000 
2.353000 4.954000 
7.111000 0.909000 
8.255000 4.003000 


3.465000 7.673000 
6.200000 5.766000 
2.375000 5.942000 
5.186000 0.483000 
7.329000 0.247000 
8.451000 4.996000 
7.125000 8.436000 
4.676000 6.081000 
6.002000 2.012000 
2.471000 9.236000 
7.020000 1.035000 
6.778000 5.027000 
8.184000 0.142000 
6.828000 8.550000 
1.044000 2.038000 
2.130000 0.214000 
4.577000 9.390000 
6.357000 4.598000 
3.805000 8.287000 
3.503000 1.044000 
4.941000 4.675000 
6.325000 8.426000 
2.916000 5.795000 
7.639000 5.882000 
0.940000 1.968000 
0.252000 3.378000 
8.551000 0.993000 
1.331000 6.446000 
9.576000 0.745000 
7.051000 2.327000 
2.340000 1.366000 
6.836000 8.548000 
8.874000 7.777000 
3.435000 9.535000 
9.172000 6.745000 
5.270000 3.128000 
0.665000 9.804000 
9.397000 4.036000 
6.606000 8.070000 
9.004000 3.922000 
9.839000 7.004000 
9.206000 1.614000 
3.420000 5.233000 
7.903000 6.241000 
8.587000 8.988000 
4.529000 2.426000 
4.780000 7.281000 
3.467000 8.014000 
5.606000 2.933000 
4.261000 5.894000 
5.611000 9.077000 
2.193000 1.138000 
1.364000 1.468000 
9.503000 3.380000 
0.743000 0.771000 
4.568000 0.221000 
0.155000 7.690000 
6.758000 8.451000 
1.063000 8.587000 
9.198000 0.388000 
6.203000 9.159000 
2.104000 2.694000 
9.552000 6.114000 
8.603000 0.646000 


8.545000 5.880000 
1.920000 7.672000 
4.563000 2.592000 
2.336000 7.028000 
1.190000 0.599000 
8.727000 5.197000 
3.111000 8.752000 
0.350000 3.178000 
4.087000 0.551000 
2.445000 1.695000 
7.187000 7.121000 
3.621000 4.416000 
0.337000 7.161000 
1.012000 0.047000 
6.374000 8.543000 
0.902000 8.324000 
9.835000 3.700000 
3.452000 9.288000 
6.036000 6.515000 
6.911000 3.524000 
8.650000 9.016000 
5.747000 6.491000 
6.919000 1.550000 
5.811000 5.514000 
5.102000 7.926000 
4.610000 5.546000 
6.327000 3.007000 
5.697000 3.190000 
3.568000 3.066000 
3.974000 7.789000 
7.295000 5.066000 
1.918000 8.752000 
6.146000 1.927000 
6.596000 7.755000 
2.238000 8.866000 
3.646000 1.339000 
0.615000 2.883000 
0.315000 1.834000 
2.716000 0.717000 
0.184000 8.006000 
8.852000 3.440000 
0.110000 4.724000 
4.662000 2.988000 
2.000000 1.876000 
5.085000 9.909000 
1.783000 3.010000 
1.348000 5.485000 
5.901000 4.215000 
9.777000 2.905000 
1.555000 4.941000 
3.925000 0.878000 
8.609000 1.244000 
3.865000 9.094000 
5.601000 0.148000 
4.888000 1.185000 
1.830000 8.246000 
5.760000 4.199000 
1.485000 6.237000 
7.070000 7.687000 
2.574000 5.725000 
2.789000 2.088000 
9.627000 5.339000 
0.575000 1.656000 
4.630000 0.364000 


7.406000 0.410000 
0.056000 0.654000 
6.466000 5.509000 
9.977000 5.480000 
8.757000 1.157000 
8.861000 9.252000 
5.726000 8.193000 
9.867000 7.098000 
5.826000 8.869000 
0.507000 5.713000 
4.216000 2.366000 
8.809000 3.313000 
8.119000 2.303000 
0.023000 2.769000 
1.521000 2.457000 
8.576000 5.014000 
3.416000 2.989000 
9.758000 7.250000 
6.276000 0.872000 
0.167000 2.652000 
1.360000 7.970000 
9.215000 9.837000 
0.758000 2.125000 
4.554000 6.441000 
7.374000 4.599000 
0.836000 7.458000 
4.169000 4.902000 
8.868000 1.678000 
5.213000 4.316000 
3.092000 5.165000 
9.151000 9.537000 
7.133000 4.381000 
4.464000 1.639000 
7.181000 5.116000 
3.781000 4.743000 
3.924000 9.230000 
2.422000 9.919000 
0.403000 2.069000 
1.431000 9.612000 
0.288000 3.072000 
2.973000 2.756000 
0.161000 0.561000 
0.595000 2.944000 
8.077000 6.362000 
8.424000 8.719000 
4.069000 4.733000 
5.099000 4.065000 
8.339000 2.844000 
8.200000 0.523000 
6.177000 5.008000 
2.740000 7.645000 
6.478000 0.374000 
6.640000 0.081000 
6.233000 2.562000 
9.161000 9.424000 
6.468000 1.517000 
0.572000 5.734000 
5.829000 9.875000 
8.695000 8.444000 
7.879000 6.428000 
7.911000 7.932000 
1.325000 4.533000 
9.825000 0.690000 
8.929000 7.314000 


6.953000 5.307000 
0.143000 4.056000 
5.406000 6.717000 
1.318000 0.508000 
6.007000 2.430000 
1.639000 4.170000 
3.624000 7.758000 
9.773000 1.110000 
4.473000 2.212000 
7.952000 6.159000 
5.121000 9.348000 
8.726000 4.725000 
1.002000 8.418000 
6.822000 0.458000 
0.153000 5.703000 
9.641000 3.004000 
9.584000 1.435000 
7.838000 3.599000 
3.175000 2.103000 
5.509000 6.634000 
6.688000 1.856000 
0.345000 0.309000 
6.884000 3.129000 
5.531000 6.992000 
4.054000 9.003000 
8.725000 7.556000 
1.903000 3.801000 
2.840000 2.979000 
4.544000 9.392000 
9.854000 8.092000 
8.418000 9.616000 
0.058000 9.064000 
7.739000 2.357000 
7.023000 4.717000 
5.925000 5.394000 
1.658000 4.646000 
5.912000 3.796000 
0.092000 8.857000 
9.461000 2.460000 
7.785000 9.985000 
2.296000 8.341000 
8.608000 7.301000 
7.928000 3.298000 
7.420000 8.494000 
8.335000 5.452000 
0.531000 3.290000 
9.135000 2.216000 
9.978000 8.797000 
0.896000 7.946000 
2.900000 0.389000 
4.295000 3.119000 
7.984000 1.401000 
6.608000 1.099000 
7.514000 9.835000 
6.491000 9.922000 
0.605000 5.097000 
8.561000 3.709000 
0.995000 8.641000 
4.138000 9.711000 
6.078000 1.146000 
0.669000 2.529000 
9.339000 1.185000 
7.121000 8.653000 
6.178000 1.932000 


3.145000 2.552000 
9.740000 2.136000 
9.306000 8.704000 
9.311000 0.775000 
4.801000 4.515000 
2.022000 6.323000 
3.159000 3.221000 
5.078000 4.076000 
7.147000 5.069000 
4.174000 3.469000 
5.404000 1.569000 
8.376000 7.399000 
2.002000 7.318000 
3.967000 9.519000 
1.322000 2.816000 
0.598000 3.680000 
6.225000 0.984000 
2.306000 6.583000 
2.978000 5.129000 
6.850000 4.532000 
0.795000 9.228000 
8.196000 4.592000 
4.191000 8.622000 
0.653000 8.886000 
7.404000 3.629000 
0.675000 0.125000 
4.717000 1.361000 
4.135000 0.419000 
4.096000 2.396000 
1.098000 4.514000 
0.749000 6.431000 
8.143000 0.984000 
1.540000 4.315000 
7.530000 8.574000 
2.399000 3.815000 
2.180000 4.169000 
6.586000 1.272000 
9.907000 9.326000 
1.627000 8.411000 
7.428000 4.374000 
0.361000 3.888000 
9.482000 6.490000 
5.101000 1.120000 
3.596000 9.910000 
4.560000 0.570000 
3.321000 7.827000 
2.007000 3.775000 
8.338000 1.107000 
3.191000 9.294000 
6.514000 7.258000 
2.442000 8.898000 
2.725000 8.924000 
6.343000 4.456000 
5.743000 7.317000 
1.226000 9.889000 
1.946000 4.615000 
5.049000 4.162000 
9.693000 9.531000 
2.503000 0.877000 
3.590000 5.217000 
9.296000 5.950000 
8.309000 9.142000 
7.064000 9.099000 
2.732000 4.147000 


3.975000 5.697000 
2.434000 8.508000 
0.010000 2.870000 
5.539000 9.885000 
0.465000 2.578000 
5.456000 4.661000 
3.456000 7.883000 
6.530000 6.674000 
3.044000 0.525000 
0.303000 3.119000 
1.123000 0.265000 
6.781000 0.553000 
2.339000 8.724000 
1.204000 6.667000 
9.849000 3.552000 
9.285000 3.236000 
5.301000 0.511000 
9.147000 5.918000 
2.324000 9.636000 
2.687000 9.055000 
9.672000 9.173000 
7.516000 8.240000 
3.095000 6.448000 
4.723000 7.413000 
9.797000 5.630000 
4.258000 1.918000 
0.436000 8.391000 
4.447000 0.853000 
1.577000 7.700000 
8.571000 5.514000 
6.790000 0.398000 
7.998000 7.890000 
8.439000 5.796000 
4.125000 1.984000 
8.325000 0.389000 
4.174000 3.245000 
3.973000 7.549000 
9.590000 4.210000 
1.378000 4.246000 
1.475000 6.228000 
8.361000 8.963000 
6.092000 3.399000 
7.675000 3.542000 
7.735000 0.304000 
4.085000 4.252000 
7.269000 6.408000 
2.126000 0.727000 
9.142000 9.867000 
8.981000 9.989000 
6.130000 2.194000 
9.881000 8.358000 
8.876000 9.324000 
2.868000 9.341000 
4.742000 5.136000 
9.107000 0.469000 
2.819000 2.105000 
5.519000 9.577000 
8.187000 4.510000 
0.213000 2.037000 
1.530000 4.755000 
7.642000 0.887000 
2.549000 5.605000 
1.887000 6.257000 
9.115000 9.211000 


6.809000 5.339000 
3.264000 9.417000 
2.717000 8.919000 
9.169000 1.350000 
0.474000 5.548000 
4.613000 7.383000 
9.933000 7.559000 
2.003000 6.387000 
1.910000 6.512000 
7.928000 5.004000 
0.089000 7.597000 
0.301000 2.421000 
3.890000 6.502000 
1.828000 1.356000 
7.526000 9.865000 
2.037000 7.397000 
0.683000 1.826000 
8.895000 1.960000 
7.106000 4.594000 
1.210000 0.887000 
7.690000 9.955000 
7.627000 0.335000 
6.578000 7.386000 
2.805000 5.267000 
1.397000 8.451000 
0.276000 5.629000 
6.321000 7.495000 
3.591000 8.983000 
2.124000 9.855000 
0.250000 1.257000 
0.391000 8.148000 
6.131000 9.388000 
3.213000 0.525000 
0.954000 3.576000 
2.729000 7.511000 
5.806000 6.658000 
1.786000 0.386000 
6.704000 7.921000 
2.992000 9.347000 
5.837000 9.356000 
9.278000 8.892000 
2.387000 6.565000 
9.892000 4.141000 
3.275000 6.332000 
3.666000 6.154000 
4.715000 0.170000 
0.145000 3.182000 
4.605000 7.737000 
5.123000 3.172000 
5.450000 1.683000 
0.166000 3.744000 
9.328000 1.207000 
3.147000 9.717000 
7.788000 1.921000 
5.756000 6.621000 
6.698000 3.301000 
7.340000 8.388000 
2.563000 4.484000 
2.248000 5.226000 
4.656000 0.923000 
0.146000 8.370000 
3.231000 8.573000 
8.100000 8.405000 
5.904000 2.972000 


4.531000 8.738000 
7.784000 2.527000 
4.154000 4.313000 
0.539000 9.319000 
8.580000 1.325000 
4.333000 7.150000 
7.796000 3.584000 
3.613000 9.649000 
0.621000 7.943000 
4.314000 4.790000 
0.929000 6.335000 
0.691000 4.858000 
9.696000 7.434000 
8.785000 2.815000 
2.844000 2.986000 
5.659000 0.955000 
3.726000 1.039000 
5.721000 9.213000 
7.637000 4.471000 
7.555000 3.952000 
4.569000 3.984000 
8.675000 6.288000 
5.902000 4.330000 
8.261000 4.195000 
4.183000 6.380000 
3.767000 2.907000 
3.845000 6.085000 
9.412000 1.355000 
4.127000 3.687000 
4.843000 0.675000 
1.953000 5.012000 
0.290000 4.906000 
7.145000 3.434000 
9.583000 8.669000 
6.424000 7.533000 
7.495000 2.521000 
6.932000 0.777000 
8.888000 5.226000 
2.809000 3.760000 
2.149000 6.629000 
6.304000 6.558000 
9.109000 5.668000 
6.333000 4.074000 
8.441000 1.803000 
9.157000 9.854000 
3.089000 5.239000 
8.022000 1.702000 
4.018000 5.817000 
1.098000 2.562000 
3.955000 2.094000 
1.431000 0.469000 
9.116000 1.599000 
3.908000 6.319000 
2.885000 9.248000 
3.262000 7.430000 
8.337000 3.956000 
5.622000 2.347000 
4.749000 6.218000 
3.314000 8.757000 
8.015000 0.704000 
8.161000 5.273000 
4.933000 4.657000 
4.527000 1.829000 
1.686000 5.003000 


8.655000 3.238000 
8.144000 8.641000 
5.199000 0.241000 
4.107000 7.842000 
7.968000 2.371000 
6.692000 3.801000 
5.468000 0.435000 
0.471000 4.463000 
9.141000 5.235000 
6.214000 1.448000 
7.627000 7.332000 
2.634000 6.706000 
0.993000 2.560000 
6.106000 8.904000 
1.048000 8.728000 
1.130000 6.998000 
9.950000 0.261000 
2.462000 0.282000 
9.751000 8.175000 
9.141000 5.692000 
3.959000 4.172000 
7.318000 7.991000 
8.768000 9.885000 
2.616000 9.226000 
5.470000 5.082000 
7.549000 8.022000 
2.980000 2.391000 
1.079000 4.960000 
2.688000 1.456000 
2.210000 8.372000 
2.520000 9.933000 
1.493000 4.054000 
4.998000 1.248000 
4.501000 2.553000 
1.819000 8.659000 
9.379000 0.642000 
2.752000 8.425000 
7.898000 4.997000 
7.759000 8.258000 
0.441000 2.568000 
7.801000 4.339000 
9.438000 8.840000 
8.188000 6.860000 
7.470000 5.987000 
5.953000 4.241000 
3.914000 6.974000 
6.872000 3.630000 
0.249000 9.105000 
2.718000 3.056000 
3.041000 9.765000 
5.747000 5.149000 
0.480000 6.145000 
8.254000 2.989000 
2.329000 0.194000 
4.251000 9.219000 
6.374000 8.902000 
4.472000 7.600000 
0.207000 7.799000 
6.695000 1.877000 
6.789000 6.313000 
7.464000 3.564000 
8.321000 5.347000 
3.934000 7.073000 
5.594000 5.752000 


0.639000 0.284000 
7.069000 9.505000 
7.383000 9.997000 
8.460000 5.568000 
8.317000 2.070000 
9.242000 5.563000 
8.335000 9.836000 
1.317000 0.348000 
8.940000 9.154000 
1.419000 8.831000 
2.746000 9.327000 
1.490000 3.484000 
0.380000 2.798000 
9.324000 9.151000 
3.702000 7.941000 
4.576000 3.327000 
1.625000 8.583000 
3.846000 8.198000 
2.594000 0.503000 
5.126000 6.596000 
5.894000 1.481000 
0.459000 9.229000 
9.621000 9.181000 
8.163000 0.418000 
1.343000 5.536000 
2.767000 4.485000 
7.613000 5.798000 
5.328000 4.597000 
8.140000 9.144000 
3.064000 2.761000 
8.248000 9.586000 
0.804000 8.904000 
9.006000 0.040000 
4.528000 3.487000 
5.866000 7.584000 
8.031000 5.121000 
0.964000 4.771000 
5.344000 9.417000 
2.179000 2.708000 
9.009000 7.834000 
2.406000 2.493000 
5.104000 1.779000 
7.970000 1.221000 
4.248000 2.173000 
6.961000 5.593000 
7.181000 2.249000 
0.367000 5.048000 
2.923000 0.095000 
3.461000 4.967000 
1.274000 2.239000 
8.813000 5.246000 
6.156000 4.626000 
3.420000 8.126000 
1.583000 6.314000 
1.685000 7.678000 
0.596000 2.641000 
3.066000 5.326000 
7.058000 6.289000 
3.731000 5.285000 
1.659000 5.708000 
6.483000 2.033000 
0.561000 2.720000 
6.061000 9.559000 
0.876000 3.419000 


6.161000 7.339000 
9.016000 5.443000 
1.515000 8.986000 
6.992000 0.959000 
8.528000 4.246000 
7.692000 4.040000 
3.717000 3.115000 
5.801000 1.239000 
7.985000 1.534000 
8.558000 2.452000 
4.058000 9.601000 
2.484000 0.878000 
9.904000 2.805000 
2.090000 7.702000 
0.446000 3.104000 
6.408000 0.913000 
9.274000 4.098000 
2.130000 4.259000 
0.692000 3.591000 
7.124000 6.892000 
5.945000 0.977000 
2.896000 6.547000 
2.200000 8.645000 
0.347000 9.354000 
4.710000 0.159000 
2.707000 9.381000 
0.982000 2.928000 
0.145000 1.486000 
5.871000 3.181000 
3.846000 4.813000 
2.084000 7.360000 
3.016000 4.757000 
9.223000 0.919000 
2.038000 1.683000 
2.328000 3.830000 
0.784000 1.267000 
0.484000 1.774000 
0.529000 9.434000 
0.045000 1.397000 
6.212000 3.493000 
3.775000 0.071000 
3.769000 1.538000 
9.069000 4.923000 
7.037000 9.213000 
6.991000 8.205000 
0.279000 6.486000 
0.785000 2.443000 
3.094000 1.489000 
3.052000 5.386000 
9.666000 9.271000 
2.293000 7.646000 
6.736000 3.204000 
6.903000 3.953000 
5.400000 0.212000 
1.027000 2.239000 
4.943000 7.342000 
1.641000 7.521000 
6.005000 9.099000 
7.338000 3.980000 
6.309000 4.154000 
8.594000 6.747000 
1.251000 9.236000 
5.966000 2.751000 
1.556000 5.257000 


9.173000 0.856000 
5.922000 9.828000 
3.053000 3.686000 
0.994000 8.927000 
8.652000 2.639000 
8.986000 8.533000 
9.703000 5.862000 
7.729000 0.808000 
6.601000 4.785000 
4.325000 2.135000 
4.775000 3.093000 
6.366000 8.061000 
4.046000 1.274000 
2.577000 7.985000 
7.444000 9.892000 
7.670000 4.781000 
5.069000 3.146000 
0.532000 3.125000 
3.806000 7.428000 
4.590000 4.248000 
2.543000 1.669000 
1.682000 3.752000 
9.853000 7.005000 
7.049000 8.146000 
4.056000 7.865000 
5.629000 2.600000 
7.208000 8.664000 
1.871000 6.786000 
4.787000 5.886000 
4.461000 8.300000 
5.987000 8.189000 
9.795000 7.858000 
6.683000 4.793000 
3.065000 8.100000 
3.774000 4.775000 
6.029000 2.763000 
0.017000 3.637000 
0.992000 5.145000 
9.947000 2.719000 
2.374000 9.947000 
2.653000 7.722000 
8.485000 8.696000 
5.291000 0.609000 
5.033000 8.488000 
8.374000 2.234000 
6.767000 9.049000 
7.066000 2.810000 
5.050000 1.203000 
3.849000 6.125000 
1.100000 0.946000 
8.293000 4.063000 
1.281000 1.081000 
1.028000 1.726000 
7.047000 0.863000 
5.248000 6.258000 
2.782000 7.057000 
6.387000 5.317000 
0.708000 6.582000 
0.524000 5.031000 
3.196000 7.812000 
2.132000 8.372000 
3.018000 9.645000 
5.612000 7.620000 
9.717000 7.729000 


0.563000 9.943000 
2.015000 2.976000 
3.522000 0.696000 
6.825000 7.294000 
4.399000 0.841000 
7.606000 8.387000 
2.741000 4.317000 
7.036000 4.914000 
7.798000 1.575000 
7.734000 8.704000 
8.911000 4.326000 
0.612000 7.398000 
9.992000 5.132000 
5.077000 3.521000 
5.878000 6.629000 
2.590000 3.218000 
9.105000 6.553000 
9.344000 4.448000 
7.361000 6.696000 
3.099000 5.689000 
8.685000 3.394000 
7.045000 4.285000 
7.458000 2.190000 
5.161000 6.788000 
6.553000 7.458000 
4.950000 6.857000 
3.384000 9.341000 
0.352000 2.279000 
2.203000 5.504000 
5.293000 8.524000 
7.055000 5.504000 
8.826000 2.835000 
5.634000 3.980000 
4.903000 1.952000 
7.096000 7.476000 
2.675000 9.190000 
8.133000 0.479000 
4.484000 8.881000 
8.773000 0.109000 
6.678000 9.330000 
5.942000 1.952000 
3.204000 5.485000 
1.549000 0.453000 
9.069000 5.455000 
0.690000 6.980000 
7.641000 9.419000 
6.599000 0.365000 
5.176000 4.645000 
2.061000 1.964000 
6.854000 1.918000 
6.763000 8.980000 
4.719000 9.386000 
3.073000 3.288000 
8.579000 9.832000 
4.939000 7.511000 
2.596000 3.938000 
5.106000 9.923000 
6.056000 3.067000 
6.917000 1.355000 
9.186000 3.398000 
7.107000 5.677000 
2.098000 3.569000 
2.058000 9.857000 
9.589000 9.312000 


2.402000 3.007000 
7.429000 3.981000 
0.826000 2.335000 
6.077000 8.624000 
8.772000 7.927000 
6.163000 0.611000 
5.280000 2.876000 
6.969000 5.916000 
7.775000 4.182000 
1.350000 2.256000 
9.852000 8.540000 
6.677000 8.170000 
7.818000 9.023000 
3.945000 2.202000 
2.807000 4.095000 
3.618000 5.500000 
5.287000 9.303000 
0.549000 1.517000 
8.854000 9.035000 
3.574000 3.684000 
3.302000 1.725000 
5.046000 2.824000 
5.358000 7.630000 
9.635000 6.722000 
9.164000 0.615000 
3.936000 6.467000 
4.893000 4.674000 
9.059000 2.563000 
0.122000 2.312000 
4.568000 3.022000 
4.760000 5.254000 
6.486000 8.373000 
0.706000 8.067000 
7.472000 3.786000 
2.740000 7.185000 
5.875000 0.512000 
4.037000 1.166000 
0.665000 1.235000 
3.896000 2.524000 
1.170000 8.736000 
6.237000 9.224000 
4.042000 6.074000 
0.526000 4.934000 
9.360000 8.752000 
0.975000 4.706000 
6.811000 3.417000 
5.134000 3.794000 
9.542000 0.886000 
2.038000 9.488000 
5.824000 9.216000 
1.526000 9.104000 
5.949000 6.987000 
4.127000 4.917000 
3.986000 4.349000 
6.980000 8.130000 
7.026000 8.654000 
1.830000 1.497000 
0.058000 3.060000 
4.864000 5.175000 
6.373000 0.442000 
3.856000 0.494000 
0.047000 6.019000 
9.339000 6.254000 
5.869000 8.134000 


9.404000 4.409000 
6.697000 3.750000 
5.987000 5.078000 
1.088000 1.917000 
7.233000 1.842000 
7.255000 3.363000 
8.363000 5.664000 
0.879000 4.636000 
9.782000 2.449000 
2.868000 0.744000 
1.477000 3.919000 
4.047000 6.565000 
8.248000 1.264000 
2.621000 4.802000 
0.598000 7.922000 
0.617000 8.112000 
4.308000 3.230000 
3.112000 8.735000 
6.149000 3.506000 
1.195000 7.829000 
4.831000 7.651000 
0.073000 1.141000 
9.272000 8.500000 
0.678000 0.289000 
3.525000 4.867000 
3.846000 7.579000 
8.961000 6.544000 
3.861000 5.952000 
9.818000 8.849000 
2.409000 0.563000 
1.758000 7.923000 
8.380000 3.774000 
4.437000 1.248000 
4.948000 4.631000 
8.969000 4.066000 
1.900000 7.875000 
3.622000 7.962000 
9.419000 4.065000 
0.294000 6.317000 
2.905000 3.284000 
1.437000 5.626000 
2.416000 0.294000 
4.136000 0.568000 
0.732000 0.458000 
7.872000 3.090000 
9.651000 4.820000 
1.847000 1.323000 
7.581000 8.447000 
8.196000 1.755000 
7.034000 8.350000 
2.762000 3.558000 
3.714000 0.553000 
8.790000 5.230000 
3.502000 1.090000 
3.892000 6.454000 
9.725000 6.843000 
1.679000 4.886000 
7.000000 6.236000 
8.507000 5.961000 
6.516000 6.512000 
6.509000 6.451000 
8.146000 1.712000 
2.658000 9.864000 
5.773000 3.010000 


8.010000 6.166000 
7.485000 7.476000 
4.902000 0.917000 
9.951000 6.724000 
5.525000 2.823000 
7.068000 2.061000 
5.407000 4.814000 
7.689000 4.984000 
2.073000 7.061000 
6.258000 8.254000 
4.327000 2.578000 
2.953000 3.443000 
5.181000 4.853000 
3.506000 4.679000 
1.544000 6.445000 
7.318000 1.284000 
5.285000 5.301000 
5.587000 2.703000 
5.431000 6.896000 
7.287000 9.567000 
9.310000 7.421000 
7.687000 4.434000 
7.946000 1.169000 
5.013000 1.008000 
7.151000 8.193000 
2.569000 9.004000 
8.881000 2.737000 
8.944000 4.988000 
3.076000 3.775000 
0.862000 6.348000 
5.440000 0.425000 
6.323000 3.456000 
0.448000 2.565000 
5.250000 3.722000 
3.823000 3.004000 
5.115000 7.374000 
3.106000 5.307000 
5.710000 9.129000 
1.877000 4.308000 
3.692000 8.027000 
5.767000 6.214000 
8.515000 1.501000 
2.747000 7.809000 
8.851000 2.405000 
9.036000 2.278000 
2.072000 2.249000 
3.665000 2.150000 
0.674000 0.554000 
3.474000 7.459000 
3.056000 7.031000 
9.818000 6.369000 
2.728000 3.331000 
2.840000 2.863000 
9.720000 5.214000 
8.022000 3.447000 
0.245000 5.138000 
7.122000 8.413000 
4.261000 2.334000 
6.638000 1.805000 
3.831000 7.483000 
3.449000 4.287000 
8.163000 2.907000 
3.217000 1.234000 
6.708000 9.887000 


1.673000 4.010000 
0.097000 9.070000 
7.752000 8.806000 
8.716000 4.606000 
9.340000 1.687000 
4.747000 0.041000 
7.301000 4.132000 
0.351000 7.840000 
8.671000 7.015000 
0.899000 1.856000 
9.665000 6.587000 
9.656000 6.900000 
2.791000 2.852000 
9.534000 8.208000 
6.873000 7.196000 
6.359000 1.953000 
3.239000 0.151000 
1.406000 5.494000 
9.022000 2.157000 
5.978000 4.027000 
0.349000 2.661000 
2.477000 9.422000 
9.561000 6.576000 
1.655000 7.302000 
3.850000 8.089000 
2.166000 5.383000 
2.016000 6.219000 
9.302000 3.117000 
3.477000 2.238000 
2.999000 1.658000 
4.631000 4.832000 
9.467000 3.885000 
2.292000 1.277000 
1.910000 1.999000 
0.554000 8.274000 
1.168000 2.212000 
3.521000 6.952000 
2.463000 1.784000 
9.548000 9.732000 
1.454000 8.685000 
8.297000 4.557000 
9.328000 6.838000 
7.478000 2.442000 
9.207000 9.644000 
5.457000 1.952000 
7.911000 7.718000 
6.704000 2.827000 
0.124000 8.258000 
0.532000 1.333000 
8.428000 8.798000 
2.340000 0.905000 
8.599000 6.980000 
9.849000 4.680000 
9.021000 7.924000 
6.200000 6.588000 
4.968000 1.098000 
6.718000 8.064000 
3.307000 3.756000 
4.455000 3.546000 
7.914000 3.462000 
5.811000 8.228000 
6.892000 9.613000 
3.256000 5.769000 
3.752000 0.077000 


2.003000 8.320000 
5.004000 3.661000 
3.090000 8.865000 
4.086000 5.121000 
6.821000 7.433000 
5.854000 3.157000 
9.601000 3.686000 
8.499000 6.528000 
8.257000 2.165000 
3.277000 5.424000 
9.386000 7.373000 
9.320000 9.722000 
2.195000 6.206000 
4.203000 3.511000 
0.994000 3.509000 
7.313000 9.996000 
1.238000 5.183000 
0.691000 7.235000 
1.248000 9.903000 
9.806000 9.413000 
6.781000 6.403000 
7.687000 1.140000 
3.465000 8.175000 
7.391000 6.349000 
9.388000 9.497000 
8.492000 6.509000 
7.693000 9.365000 
6.038000 5.853000 
0.750000 0.156000 
4.876000 3.470000 
8.650000 1.823000 
2.520000 1.023000 
2.409000 1.988000 
9.957000 9.697000 
4.910000 1.501000 
4.193000 6.471000 
8.668000 9.732000 
0.628000 4.589000 
1.200000 1.672000 
7.289000 5.629000 
2.272000 3.303000 
8.818000 6.231000 
8.415000 7.380000 
7.792000 3.903000 
3.183000 2.708000 
3.189000 5.794000 
6.413000 4.462000 
2.866000 6.104000 
0.412000 7.368000 
8.760000 9.311000 
4.037000 6.135000 
3.247000 0.993000 
6.377000 6.594000 
3.702000 0.308000 
6.207000 6.522000 
7.565000 6.916000 
8.386000 3.559000 
0.589000 7.025000 
8.618000 2.807000 
5.902000 1.000000 
7.501000 8.197000 
6.335000 4.022000 
9.627000 0.672000 
9.523000 1.521000 


8.225000 7.759000 
7.007000 9.792000 
0.648000 0.195000 
6.399000 8.829000 
5.142000 7.807000 
1.884000 3.076000 
8.726000 5.056000 
7.689000 8.862000 
0.714000 1.081000 
4.109000 6.051000 
3.473000 7.659000 
0.146000 6.477000 
9.867000 9.470000 
8.818000 5.966000 
2.647000 4.850000 
0.304000 2.603000 
3.038000 1.444000 
0.909000 8.257000 
6.446000 3.311000 
8.757000 8.233000 
6.776000 3.079000 
2.954000 2.196000 
2.772000 4.994000 
7.111000 0.447000 
3.985000 3.650000 
2.091000 8.333000 
4.176000 7.834000 
7.784000 4.262000 
6.475000 2.860000 
9.092000 4.087000 
2.102000 1.293000 
3.031000 5.716000 
6.335000 8.264000 
3.977000 6.021000 
4.594000 3.792000 
6.275000 3.291000 
8.100000 4.883000 
7.559000 1.761000 
4.405000 1.580000 
7.498000 7.157000 
9.366000 4.964000 
8.371000 4.201000 
1.193000 1.695000 
8.752000 6.570000 
7.490000 6.749000 
3.128000 7.416000 
1.564000 4.026000 
2.644000 9.247000 
2.957000 8.057000 
7.901000 6.997000 
2.956000 2.914000 
0.031000 4.913000 
9.994000 5.276000 
0.172000 9.712000 
8.040000 3.502000 
4.921000 5.398000 
6.017000 5.558000 
8.418000 9.365000 
7.600000 3.083000 
4.468000 7.857000 
6.010000 0.289000 
2.177000 0.622000 
3.739000 7.253000 
9.578000 2.891000 


8.811000 2.218000 
3.709000 8.604000 
6.568000 7.996000 
6.036000 8.203000 
1.691000 0.933000 
4.845000 0.438000 
8.384000 3.596000 
3.047000 6.262000 
3.993000 9.088000 
6.416000 1.715000 
2.084000 0.373000 
1.917000 2.872000 
3.420000 3.830000 
1.713000 3.201000 
4.664000 0.764000 
5.989000 5.922000 
8.211000 4.036000 
1.759000 3.964000 
1.814000 8.316000 
5.617000 3.693000 
1.346000 0.006000 
4.495000 5.861000 
2.708000 9.576000 
6.356000 1.383000 
3.213000 5.547000 
7.522000 5.167000 
6.552000 5.773000 
1.024000 3.910000 
3.341000 8.134000 
3.475000 3.348000 
6.973000 7.585000 
1.127000 0.601000 
0.740000 2.016000 
4.715000 0.303000 
7.019000 6.140000 
1.894000 3.118000 
0.318000 5.776000 
1.600000 2.681000 
4.753000 0.959000 
5.586000 6.572000 
0.413000 0.941000 
2.123000 9.100000 
3.673000 9.891000 
1.643000 3.507000 
6.966000 8.459000 
4.759000 9.843000 
7.758000 1.744000 
5.068000 6.023000 
3.256000 3.314000 
4.561000 3.579000 
7.656000 2.857000 
9.183000 7.613000 
1.999000 7.419000 
9.917000 8.975000 
0.770000 7.373000 
1.740000 4.023000 
6.713000 3.081000 
9.753000 2.212000 
6.482000 3.060000 
7.786000 0.871000 
9.451000 5.600000 
4.609000 3.396000 
8.000000 3.921000 
0.518000 1.089000 


5.283000 1.209000 
3.534000 8.797000 
1.194000 4.738000 
8.883000 1.470000 
0.251000 4.055000 
7.998000 6.592000 
0.925000 2.091000 
4.811000 1.378000 
0.055000 1.482000 
8.712000 6.310000 
2.136000 1.591000 
3.009000 2.058000 
2.835000 0.825000 
2.621000 3.184000 
0.636000 7.693000 
4.808000 1.893000 
4.362000 1.156000 
0.006000 2.036000 
1.218000 2.218000 
5.744000 0.192000 
3.094000 5.766000 
1.139000 1.965000 
6.930000 3.574000 
1.433000 5.657000 
1.546000 1.573000 
6.984000 6.399000 
9.941000 5.134000 
5.598000 0.618000 
2.695000 7.112000 
8.038000 1.962000 
5.088000 9.410000 
0.060000 8.669000 
8.233000 5.863000 
6.557000 9.771000 
3.584000 8.536000 
6.583000 0.579000 
5.538000 5.818000 
3.122000 1.249000 
2.373000 1.084000 
8.431000 0.393000 
6.349000 4.585000 
1.223000 5.756000 
1.966000 6.693000 
3.447000 0.533000 
1.317000 1.619000 
0.483000 5.353000 
6.232000 1.643000 
8.896000 4.032000 
7.348000 4.503000 
5.679000 6.082000 
0.904000 2.547000 
6.401000 6.042000 
5.783000 1.213000 
6.881000 1.828000 
5.708000 0.482000 
4.563000 6.201000 
2.188000 6.835000 
3.668000 8.217000 
2.045000 1.628000 
6.549000 8.868000 
8.035000 1.303000 
3.000000 0.735000 
9.306000 9.665000 
4.787000 2.133000 


2.923000 1.195000 
4.589000 7.515000 
2.881000 7.785000 
5.870000 8.114000 
9.439000 5.175000 
8.901000 3.852000 
9.831000 4.781000 
9.383000 7.946000 
8.586000 5.249000 
4.906000 6.163000 
0.965000 3.569000 
3.306000 0.741000 
7.454000 1.537000 
4.530000 3.619000 
5.258000 5.332000 
8.019000 9.652000 
2.420000 2.486000 
0.371000 4.170000 
5.301000 4.523000 
5.776000 7.706000 
3.885000 2.289000 
7.337000 9.129000 
0.662000 9.941000 
7.740000 7.991000 
0.848000 6.543000 
1.830000 8.907000 
4.806000 8.444000 
5.047000 6.516000 
8.097000 3.701000 
1.066000 0.734000 
3.644000 6.762000 
6.621000 0.600000 
7.935000 5.040000 
4.210000 9.601000 
3.730000 5.950000 
0.547000 6.766000 
1.271000 3.135000 
6.002000 6.770000 
7.249000 3.734000 
0.990000 7.692000 
7.830000 5.042000 
3.032000 7.408000 
9.041000 4.595000 
5.824000 0.938000 
8.181000 8.490000 
4.295000 6.533000 
5.145000 1.766000 
0.954000 1.412000 
8.543000 7.177000 
3.802000 1.041000 
7.944000 8.785000 
3.350000 9.920000 
0.148000 8.419000 
3.671000 8.691000 
1.572000 4.951000 
6.268000 7.663000 
5.521000 9.090000 
9.425000 8.520000 
8.472000 3.842000 
7.028000 6.058000 
8.525000 7.972000 
5.783000 1.012000 
3.473000 9.882000 
1.382000 3.609000 


8.737000 2.579000 
5.535000 1.884000 
8.404000 2.182000 
2.192000 5.313000 
9.070000 2.913000 
6.300000 2.209000 
8.944000 8.572000 
2.340000 3.582000 
1.233000 5.591000 
3.613000 0.776000 
2.257000 0.154000 
7.551000 5.167000 
5.104000 7.827000 
1.062000 3.882000 
4.831000 3.037000 
0.988000 7.304000 
9.133000 8.990000 
3.075000 7.467000 
5.429000 9.782000 
9.440000 5.954000 
2.087000 8.653000 
0.169000 5.860000 
7.694000 1.227000 
5.517000 0.903000 
1.426000 6.452000 
8.717000 6.186000 
7.893000 3.479000 
9.974000 4.582000 
3.214000 7.915000 
8.475000 4.735000 
2.673000 1.203000 
0.845000 1.897000 
4.704000 9.477000 
2.270000 7.568000 
0.687000 0.201000 
6.832000 9.075000 
0.723000 9.781000 
7.118000 8.071000 
3.182000 0.686000 
7.733000 2.650000 
0.934000 2.211000 
0.494000 2.423000 
7.178000 8.196000 
0.113000 6.760000 
0.614000 9.091000 
3.761000 0.227000 
6.437000 7.322000 
9.850000 2.959000 
4.804000 6.692000 
1.301000 2.832000 
8.092000 1.545000 
4.652000 8.098000 
1.198000 5.702000 
4.351000 8.254000 
3.195000 7.662000 
8.253000 0.181000 
8.496000 4.707000 
2.341000 7.333000 
4.920000 1.343000 
3.536000 1.190000 
6.630000 9.694000 
5.526000 0.826000 
9.877000 1.767000 
1.814000 7.539000 


5.174000 2.813000 
2.491000 4.300000 
1.729000 6.984000 
1.436000 0.001000 
7.771000 1.752000 
3.996000 8.370000 
7.418000 8.356000 
4.790000 2.248000 
0.847000 0.183000 
4.263000 7.101000 
6.479000 1.259000 
4.964000 8.686000 
7.307000 8.736000 
5.720000 7.882000 
9.948000 1.427000 
4.838000 1.054000 
1.440000 1.727000 
2.072000 8.049000 
5.618000 9.171000 
3.272000 6.021000 
0.999000 4.587000 
8.216000 2.561000 
1.412000 9.254000 
4.016000 4.640000 
7.897000 3.865000 
1.548000 4.873000 
3.926000 4.101000 
4.605000 0.481000 
1.232000 5.027000 
0.242000 0.316000 
7.929000 4.257000 
9.878000 0.107000 
1.616000 4.097000 
8.590000 6.684000 
5.718000 8.770000 
3.612000 8.631000 
7.024000 6.997000 
3.950000 1.625000 
3.236000 2.882000 
7.483000 7.242000 
9.665000 4.969000 
6.661000 9.827000 
5.142000 5.406000 
4.200000 6.304000 
0.399000 7.548000 
3.319000 8.934000 
7.760000 6.023000 
1.157000 7.047000 
0.957000 1.781000 
6.373000 2.702000 
6.557000 2.975000 
8.498000 4.686000 
5.284000 9.599000 
7.760000 1.512000 
6.701000 7.115000 
7.152000 1.384000 
2.531000 8.432000 
7.477000 6.773000 
1.946000 7.496000 
1.731000 2.046000 
0.769000 1.971000 
2.883000 0.401000 
7.370000 0.147000 
8.031000 8.984000 


1.049000 5.820000 
7.606000 5.265000 
8.693000 9.053000 
4.943000 3.791000 
5.449000 0.593000 
1.950000 4.268000 
4.863000 0.196000 
2.299000 6.161000 
5.653000 4.578000 
4.574000 5.516000 
2.604000 6.395000 
2.021000 5.964000 
8.654000 2.154000 
0.256000 6.277000 
7.190000 0.718000 
8.358000 1.893000 
5.213000 3.622000 
2.667000 5.759000 
0.061000 1.876000 
8.693000 2.257000 
7.102000 4.304000 
7.186000 8.830000 
3.407000 2.922000 
9.132000 2.128000 
7.640000 0.484000 
1.241000 8.283000 
4.750000 2.441000 
4.352000 7.143000 
5.461000 5.165000 
8.380000 6.081000 
6.248000 9.904000 
3.819000 6.077000 
0.487000 4.471000 
5.509000 5.735000 
5.618000 0.055000 
9.226000 4.128000 
8.645000 0.039000 
9.642000 5.165000 
1.476000 0.327000 
9.806000 9.459000 
5.670000 8.373000 
9.388000 7.791000 
8.636000 1.328000 
1.396000 5.254000 
4.751000 3.419000 
4.118000 9.339000 
6.357000 3.593000 
2.423000 2.808000 
9.686000 1.977000 
1.642000 4.081000 
0.319000 4.493000 
0.867000 8.109000 
7.745000 9.067000 
2.816000 3.809000 
4.425000 1.689000 
3.159000 7.645000 
5.680000 1.920000 
8.448000 3.953000 
7.764000 6.835000 
0.898000 6.953000 
5.529000 0.506000 
0.778000 3.872000 
4.422000 8.403000 
6.411000 0.426000 


8.376000 5.766000 
1.053000 8.295000 
4.518000 0.152000 
2.780000 4.060000 
9.477000 9.359000 
7.938000 5.459000 
5.145000 9.941000 
2.615000 0.000000 
5.419000 6.871000 
5.485000 5.289000 
6.650000 1.773000 
8.898000 0.443000 
9.456000 4.982000 
3.034000 6.107000 
7.008000 6.088000 
2.769000 9.671000 
8.206000 4.660000 
1.709000 6.399000 
4.446000 4.141000 
6.710000 8.071000 
4.388000 6.265000 
6.199000 4.658000 
4.774000 1.886000 
3.186000 8.435000 
4.452000 7.787000 
2.100000 7.225000 
8.711000 6.242000 
2.303000 4.292000 
0.070000 6.818000 
5.634000 8.532000 
8.574000 0.655000 
4.680000 5.856000 
8.537000 7.998000 
4.182000 7.183000 
2.941000 1.019000 
4.090000 8.288000 
8.573000 3.134000 
9.286000 0.968000 
4.790000 2.324000 
7.066000 4.955000 
4.528000 2.593000 
8.176000 7.956000 
5.906000 2.714000 
6.991000 6.861000 
8.813000 6.124000 
4.367000 8.664000 
1.419000 4.979000 
5.521000 0.441000 
2.887000 1.464000 
5.514000 4.885000 
1.100000 4.121000 
7.658000 0.008000 
3.682000 7.276000 
2.280000 9.910000 
6.929000 8.537000 
1.176000 1.556000 
4.716000 4.183000 
8.793000 8.003000 
9.372000 7.985000 
9.459000 9.854000 
6.830000 3.895000 
9.423000 9.163000 
5.047000 1.507000 
9.383000 2.992000 


2.436000 0.682000 
2.596000 1.123000 
7.162000 5.350000 
9.806000 6.115000 
5.039000 2.100000 
3.815000 7.167000 
1.667000 7.791000 
4.442000 1.502000 
4.310000 4.460000 
7.222000 5.226000 
1.044000 1.006000 
4.838000 0.191000 
7.131000 7.044000 
6.258000 8.866000 
5.589000 1.680000 
0.144000 3.263000 
1.719000 7.713000 
9.659000 3.326000 
2.572000 4.257000 
4.158000 9.992000 
3.092000 4.941000 
7.599000 3.629000 
3.168000 5.924000 
4.844000 4.118000 
9.615000 1.856000 
7.475000 6.329000 
2.220000 3.810000 
1.387000 4.020000 
3.542000 3.831000 
5.472000 7.033000 
5.473000 8.304000 
1.201000 9.584000 
0.606000 6.442000 
9.328000 4.481000 
6.062000 0.630000 
8.445000 1.929000 
6.316000 9.480000 
2.276000 3.133000 
2.175000 4.419000 
0.213000 0.545000 
1.797000 5.253000 
2.463000 9.025000 
4.377000 2.327000 
0.658000 7.513000 
9.073000 1.468000 
2.562000 9.099000 
2.391000 0.819000 
0.227000 6.128000 
4.704000 9.501000 
3.819000 2.045000 
4.533000 3.722000 
1.333000 4.871000 
7.284000 8.107000 
7.292000 0.936000 
3.430000 8.640000 
9.472000 2.033000 
2.501000 4.048000 
6.412000 0.868000 
3.170000 8.841000 
4.881000 7.613000 
2.755000 8.364000 
9.280000 6.084000 
3.760000 2.719000 
5.845000 0.112000 


8.990000 7.371000 
9.311000 9.051000 
5.534000 9.689000 
4.309000 8.933000 
9.375000 3.465000 
9.301000 7.717000 
6.977000 2.645000 
7.892000 0.225000 
5.975000 8.636000 
2.187000 7.767000 
1.933000 0.841000 
7.463000 9.659000 
9.775000 1.846000 
1.729000 8.490000 
6.352000 4.233000 
6.597000 3.831000 
8.406000 4.210000 
6.507000 7.371000 
2.138000 7.387000 
0.690000 6.440000 
2.875000 2.246000 
4.201000 9.663000 
0.927000 3.854000 
1.059000 2.801000 
6.504000 2.764000 
5.342000 4.156000 
4.700000 7.082000 
4.942000 8.560000 
4.512000 8.773000 
0.598000 1.971000 
5.038000 5.402000 
9.862000 1.915000 
5.216000 5.730000 
1.167000 8.038000 
7.782000 7.609000 
7.698000 6.893000 
6.031000 9.980000 
0.456000 4.507000 
4.128000 1.591000 
4.465000 3.060000 
0.890000 6.591000 
1.382000 7.924000 
2.454000 8.241000 
0.759000 1.419000 
7.153000 9.772000 
9.702000 9.455000 
0.541000 0.524000 
3.610000 1.040000 
5.080000 6.558000 
8.613000 8.330000 
2.720000 0.277000 
4.410000 2.975000 
9.448000 1.877000 
9.731000 5.685000 
5.083000 1.630000 
2.498000 3.194000 
6.654000 6.744000 
6.938000 9.039000 
7.998000 5.843000 
7.365000 0.324000 
7.917000 8.667000 
9.885000 7.920000 
3.266000 6.366000 
4.925000 6.047000 


2.016000 3.199000 
4.218000 4.966000 
0.611000 0.977000 
9.627000 7.493000 
9.854000 1.545000 
6.865000 7.413000 
1.720000 8.599000 
6.044000 4.577000 
3.790000 3.367000 
9.071000 6.577000 
1.846000 4.010000 
5.208000 1.722000 
4.015000 7.507000 
9.084000 7.363000 
5.051000 3.803000 
6.961000 1.860000 
8.861000 1.464000 
9.913000 7.614000 
1.948000 9.585000 
9.479000 8.572000 
0.926000 0.727000 
7.351000 7.167000 
6.757000 6.202000 
5.703000 7.174000 
9.641000 8.848000 
3.032000 4.018000 
0.790000 4.841000 
1.262000 6.467000 
2.196000 8.550000 
7.989000 4.654000 
3.040000 4.817000 
1.622000 6.011000 
6.982000 7.170000 
4.025000 7.699000 
7.495000 4.140000 
2.306000 3.649000 
0.506000 0.402000 
0.621000 5.946000 
8.616000 5.109000 
5.459000 1.501000 
8.684000 5.160000 
2.563000 6.581000 
5.400000 1.519000 
4.034000 8.560000 
3.720000 2.092000 
6.722000 4.355000 
1.505000 5.576000 
6.938000 2.111000 
4.805000 1.036000 
6.483000 0.131000 
4.692000 8.645000 
6.819000 9.618000 
8.872000 1.233000 
6.100000 0.933000 
7.757000 7.275000 
6.291000 6.670000 
9.361000 1.170000 
1.676000 6.783000 
2.952000 5.094000 
8.986000 3.015000 
9.127000 9.804000 
2.541000 9.186000 
6.303000 1.346000 
8.551000 6.395000 


8.426000 6.461000 
5.219000 2.823000 
5.025000 0.647000 
5.335000 0.925000 
6.967000 6.042000 
4.171000 6.159000 
8.041000 9.420000 
1.873000 0.857000 
6.085000 3.106000 
3.266000 5.828000 
0.200000 5.006000 
9.194000 2.701000 
3.013000 2.022000 
0.324000 4.010000 
2.038000 7.662000 
1.950000 6.915000 
8.541000 5.692000 
2.303000 6.451000 
7.052000 0.742000 
3.741000 8.760000 
8.540000 6.642000 
5.316000 9.934000 
6.787000 3.970000 
2.468000 9.477000 
7.259000 5.522000 
9.394000 8.418000 
6.135000 9.045000 
8.956000 9.335000 
4.940000 2.713000 
2.982000 3.964000 
0.244000 1.211000 
5.172000 2.779000 
2.210000 8.345000 
6.626000 4.403000 
2.276000 8.991000 
7.606000 1.433000 
7.008000 9.155000 
6.793000 2.464000 
3.758000 8.807000 
7.068000 7.713000 
9.887000 3.587000 
5.526000 5.627000 
7.791000 8.090000 
5.649000 7.944000 
3.669000 9.000000 
2.923000 6.557000 
7.844000 1.963000 
6.950000 6.895000 
4.790000 6.054000 
4.825000 7.174000 
9.004000 4.366000 
4.788000 0.015000 
2.114000 1.625000 
6.832000 4.422000 
3.546000 2.293000 
5.117000 6.389000 
6.023000 2.928000 
0.477000 6.169000 
5.367000 6.839000 
9.198000 4.966000 
2.222000 2.701000 
1.125000 6.435000 
6.212000 4.223000 
4.269000 7.589000 


9.407000 0.197000 
6.971000 5.719000 
6.902000 8.847000 
5.765000 7.413000 
9.460000 3.393000 
9.942000 7.960000 
4.910000 3.836000 
9.147000 8.528000 
4.646000 4.791000 
5.091000 0.309000 
5.773000 4.447000 
2.025000 9.525000 
1.031000 8.422000 
9.099000 9.833000 
1.269000 5.893000 
7.799000 1.674000 
3.146000 0.415000 
9.680000 2.935000 
6.232000 3.343000 
1.947000 6.094000 
2.139000 0.304000 
7.250000 1.600000 
0.159000 1.639000 
8.266000 6.755000 
6.132000 2.353000 
4.247000 3.970000 
5.375000 5.089000 
2.886000 0.301000 
2.052000 8.967000 
7.095000 4.174000 
4.412000 1.564000 
5.480000 0.442000 
1.842000 6.480000 
0.789000 2.922000 
0.468000 9.839000 
1.899000 1.083000 
7.097000 9.607000 
6.970000 7.798000 
2.299000 4.061000 
4.034000 2.095000 
6.355000 4.670000 
5.378000 9.661000 
1.956000 1.904000 
2.344000 4.159000 
9.390000 6.338000 
3.900000 4.094000 
9.851000 0.331000 
5.363000 8.817000 
7.354000 5.215000 
1.080000 1.283000 
7.080000 9.596000 
8.879000 5.217000 
7.522000 0.981000 
8.396000 3.973000 
9.583000 4.836000 
3.083000 3.017000 
3.493000 5.874000 
5.812000 0.314000 
9.402000 5.020000 
0.018000 9.255000 
4.497000 5.314000 
1.664000 7.492000 
9.944000 5.250000 
8.685000 6.168000 


9.203000 3.105000 
1.905000 0.611000 
6.034000 2.292000 
2.221000 3.592000 
8.136000 5.963000 
0.897000 3.752000 
8.487000 0.220000 
3.622000 5.703000 
1.136000 0.545000 
1.284000 7.052000 
6.788000 3.370000 
7.244000 8.431000 
4.924000 1.532000 
7.849000 3.015000 
0.640000 9.861000 
2.328000 9.792000 
7.077000 9.209000 
7.847000 2.031000 
8.310000 6.349000 
1.419000 7.286000 
9.175000 8.516000 
0.455000 6.065000 
1.119000 4.414000 
4.194000 9.616000 
0.896000 2.336000 
4.143000 9.731000 
2.472000 4.359000 
7.212000 6.586000 
3.167000 2.468000 
2.986000 7.422000 
7.163000 0.257000 
2.395000 1.685000 
1.402000 8.387000 
4.741000 4.350000 
6.902000 7.457000 
6.706000 3.206000 
9.146000 6.201000 
0.559000 8.942000 
8.164000 1.783000 
5.424000 0.202000 
3.842000 8.724000 
9.411000 2.148000 
1.784000 3.132000 
3.649000 1.069000 
8.364000 7.632000 
7.245000 5.701000 
2.126000 2.320000 
3.657000 7.082000 
0.168000 2.434000 
8.881000 8.597000 
0.540000 8.213000 
0.771000 9.688000 
9.256000 0.762000 
6.600000 4.615000 
6.652000 8.981000 
2.162000 4.160000 
1.870000 4.615000 
7.528000 4.121000 
7.646000 8.609000 
7.968000 3.905000 
8.323000 0.078000 
3.835000 6.353000 
7.980000 7.148000 
1.398000 5.178000 


4.254000 6.724000 
9.357000 2.555000 
3.180000 1.773000 
2.166000 4.725000 
3.049000 8.116000 
5.848000 0.075000 
9.805000 6.675000 
1.235000 7.176000 
7.998000 6.328000 
4.745000 0.711000 
6.399000 5.426000 
0.866000 1.759000 
1.306000 3.504000 
4.346000 3.686000 
3.507000 8.058000 
2.215000 2.936000 
9.134000 3.922000 
4.499000 8.157000 
3.470000 2.169000 
6.438000 0.956000 
0.156000 7.602000 
4.393000 5.005000 
1.651000 5.347000 
4.650000 0.432000 
0.252000 4.017000 
5.340000 8.355000 
4.814000 5.850000 
3.508000 8.053000 
7.620000 4.519000 
3.296000 8.969000 
5.293000 1.518000 
1.657000 0.080000 
9.009000 9.365000 
5.328000 2.215000 
0.948000 7.746000 
7.576000 4.474000 
7.807000 6.265000 
1.222000 5.107000 
2.256000 9.163000 
1.279000 2.174000 
6.045000 3.693000 
5.612000 1.515000 
0.326000 3.722000 
7.765000 5.803000 
9.893000 5.731000 
3.655000 0.335000 
3.815000 9.824000 
5.094000 8.087000 
9.891000 8.864000 
4.041000 4.768000 
8.696000 8.622000 
3.038000 4.737000 
2.845000 0.400000 
7.659000 8.764000 
2.938000 9.274000 
3.292000 1.875000 
1.846000 5.038000 
7.470000 6.607000 
4.649000 8.980000 
2.358000 0.620000 
6.890000 4.409000 
4.459000 2.377000 
4.466000 8.133000 
5.364000 3.645000 


0.747000 3.099000 
1.195000 7.088000 
7.640000 3.532000 
2.489000 7.906000 
7.876000 0.282000 
8.193000 2.437000 
0.662000 3.122000 
0.579000 9.589000 
8.155000 2.248000 
5.099000 5.195000 
1.756000 5.441000 
5.584000 9.978000 
2.015000 4.852000 
9.271000 9.220000 
4.213000 2.311000 
1.813000 8.823000 
7.293000 2.023000 
6.760000 4.187000 
8.650000 5.467000 
9.329000 0.398000 
2.057000 7.905000 
8.893000 3.965000 
2.171000 4.250000 
0.881000 3.009000 
6.850000 9.623000 
8.603000 4.831000 
3.440000 7.839000 
2.095000 0.465000 
9.841000 1.832000 
8.199000 1.840000 
8.426000 3.411000 
1.868000 0.186000 
1.453000 8.681000 
3.621000 3.662000 
0.163000 6.182000 
6.092000 2.763000 
7.722000 1.019000 
3.097000 8.996000 
8.005000 3.534000 
8.827000 4.944000 
6.235000 6.690000 
3.490000 9.621000 
8.206000 8.615000 
5.154000 2.935000 
8.678000 5.150000 
9.517000 6.002000 
2.905000 3.749000 
2.313000 8.365000 
8.671000 4.756000 
8.112000 8.518000 
2.884000 9.673000 
4.864000 3.619000 
9.267000 8.021000 
5.619000 2.659000 
2.615000 6.609000 
1.454000 6.181000 
2.734000 4.990000 
8.019000 6.220000 
6.993000 1.647000 
1.206000 4.455000 
0.388000 5.609000 
5.555000 0.884000 
3.733000 5.804000 
8.819000 8.016000 


9.275000 1.455000 
6.514000 0.903000 
6.273000 4.421000 
7.816000 4.304000 
7.705000 6.916000 
7.239000 7.784000 
5.293000 2.512000 
1.925000 8.370000 
3.535000 4.848000 
0.205000 6.261000 
4.653000 0.310000 
5.912000 3.378000 
7.233000 3.230000 
4.446000 5.444000 
0.954000 6.555000 
4.837000 0.433000 
7.455000 1.125000 
7.384000 6.843000 
0.774000 0.858000 
4.473000 6.655000 
7.234000 2.530000 
3.604000 7.771000 
8.635000 3.791000 
1.956000 8.196000 
5.857000 9.776000 
9.412000 7.982000 
0.125000 3.224000 
5.781000 2.656000 
2.470000 4.696000 
5.865000 6.985000 
3.146000 4.324000 
7.704000 0.866000 
8.193000 9.506000 
3.614000 4.144000 
9.033000 4.690000 
3.601000 4.181000 
5.237000 8.497000 
4.049000 1.954000 
8.963000 8.650000 
1.502000 6.581000 
2.863000 3.653000 
9.928000 6.569000 
7.871000 0.127000 
1.309000 3.895000 
9.538000 0.352000 
0.579000 3.487000 
1.288000 2.563000 
4.358000 8.838000 
1.584000 6.403000 
2.993000 6.826000 
6.935000 8.688000 
7.615000 1.143000 
4.032000 3.445000 
0.154000 6.858000 
5.421000 0.585000 
8.566000 9.706000 
4.619000 4.367000 
5.434000 1.181000 
4.500000 6.966000 
1.509000 8.324000 
5.958000 2.856000 
5.053000 0.259000 
9.136000 6.607000 
2.972000 0.557000 


5.126000 7.908000 
8.822000 9.282000 
1.662000 8.141000 
0.710000 5.064000 
4.587000 1.837000 
7.636000 6.468000 
5.645000 3.531000 
2.092000 2.561000 
1.716000 4.131000 
5.910000 0.213000 
9.661000 7.096000 
1.173000 6.096000 
2.786000 1.753000 
6.382000 9.898000 
4.000000 6.997000 
0.221000 9.663000 
6.380000 2.477000 
7.207000 2.568000 
7.397000 6.296000 
4.529000 7.035000 
6.678000 0.441000 
3.362000 1.440000 
6.473000 9.807000 
0.700000 8.633000 
9.616000 2.076000 
0.152000 6.395000 
7.012000 2.472000 
1.437000 5.209000 
4.648000 7.528000 
2.343000 1.724000 
0.109000 5.511000 
7.353000 0.595000 
1.606000 6.496000 
0.019000 5.661000 
8.288000 8.573000 
7.641000 4.192000 
2.138000 6.651000 
3.392000 9.649000 
2.611000 0.664000 
2.009000 3.286000 
6.634000 8.079000 
5.378000 0.036000 
1.873000 9.743000 
5.097000 4.507000 
2.008000 8.068000 
5.886000 5.255000 
5.582000 4.813000 
9.882000 3.912000 
0.586000 5.873000 
5.731000 5.983000 
0.871000 9.823000 
6.014000 9.555000 
5.489000 6.128000 
1.693000 6.224000 
3.654000 1.219000 
1.841000 2.756000 
3.474000 4.743000 
4.538000 3.162000 
2.805000 7.730000 
7.315000 9.546000 
1.261000 6.883000 
3.409000 2.934000 
6.849000 3.303000 
5.637000 7.469000 


7.392000 4.669000 
5.643000 0.045000 
0.816000 9.971000 
7.765000 3.640000 
7.896000 4.685000 
9.983000 1.073000 
8.125000 5.522000 
9.492000 9.225000 
7.907000 5.168000 
8.077000 4.702000 
9.340000 3.377000 
6.896000 2.485000 
7.540000 2.450000 
1.142000 0.707000 
6.957000 9.381000 
5.572000 3.334000 
5.205000 9.734000 
3.715000 2.176000 
5.463000 6.514000 
8.922000 3.503000 
8.873000 6.690000 
8.534000 5.634000 
9.979000 1.940000 
9.974000 1.735000 
6.481000 4.813000 
2.259000 5.957000 
8.894000 2.785000 
4.174000 6.983000 
4.946000 9.415000 
7.422000 5.323000 
0.065000 9.305000 
5.243000 7.922000 
5.214000 8.273000 
6.077000 7.899000 
9.405000 5.492000 
9.677000 2.979000 
2.500000 0.808000 
7.443000 7.324000 
6.099000 6.603000 
0.373000 9.419000 
9.965000 5.765000 
0.979000 7.365000 
3.405000 0.316000 
1.684000 0.410000 
2.041000 4.107000 
3.701000 9.697000 
7.116000 7.495000 
3.530000 5.781000 
3.663000 9.537000 
7.916000 1.378000 
6.112000 0.756000 
1.341000 8.333000 
2.384000 5.571000 
2.927000 8.590000 
4.272000 3.884000 
5.704000 7.649000 
7.565000 6.713000 
3.145000 3.154000 
6.138000 9.757000 
1.428000 9.918000 
3.234000 2.602000 
3.461000 2.556000 
3.630000 8.240000 
2.459000 1.406000 


5.780000 8.209000 
2.564000 4.534000 
7.978000 8.886000 
8.734000 9.571000 
0.646000 8.130000 
3.365000 8.194000 
9.832000 9.035000 
8.676000 5.019000 
4.913000 9.734000 
3.647000 2.532000 
1.265000 7.384000 
2.927000 1.968000 
9.128000 0.386000 
9.842000 2.193000 
1.366000 8.317000 
8.022000 3.556000 
9.268000 0.413000 
0.263000 0.893000 
7.067000 7.880000 
5.232000 9.921000 
9.003000 5.909000 
5.239000 8.519000 
5.683000 5.704000 
2.876000 2.993000 
8.903000 7.764000 
9.055000 7.047000 
3.286000 8.821000 
7.479000 1.934000 
1.753000 1.680000 
2.298000 6.302000 
9.740000 8.039000 
7.619000 1.113000 
7.142000 8.392000 
3.886000 5.024000 
3.070000 8.394000 
5.292000 9.737000 
8.172000 0.390000 
7.969000 1.156000 
1.402000 6.679000 
2.932000 8.247000 
9.374000 2.624000 
4.783000 3.137000 
4.198000 7.460000 
8.212000 6.535000 
8.614000 9.558000 
9.969000 6.998000 
6.263000 6.745000 
0.525000 5.622000 
4.337000 5.864000 
8.599000 9.678000 
3.236000 8.639000 
0.687000 4.184000 
4.804000 4.942000 
4.458000 2.498000 
8.321000 6.268000 
6.940000 1.450000 
2.842000 3.102000 
9.019000 6.943000 
2.623000 3.704000 
3.461000 5.316000 
7.983000 9.392000 
8.550000 5.866000 
3.837000 8.422000 
0.378000 8.407000 


9.890000 1.013000 
0.642000 7.516000 
9.891000 2.927000 
1.813000 7.970000 
4.854000 4.942000 
5.604000 2.980000 
9.295000 6.572000 
3.978000 5.597000 
2.841000 5.481000 
0.919000 3.100000 
3.274000 0.515000 
6.975000 7.588000 
2.200000 7.939000 
9.690000 3.598000 
5.026000 7.715000 
7.854000 1.929000 
6.276000 0.530000 
3.112000 4.358000 
8.713000 4.178000 
9.710000 3.871000 
0.648000 6.067000 
9.081000 8.381000 
6.188000 2.168000 
5.761000 1.089000 
7.859000 5.585000 
4.305000 0.063000 
7.520000 5.059000 
2.360000 5.493000 
7.092000 6.051000 
1.225000 9.337000 
6.881000 4.159000 
5.602000 1.032000 
9.571000 0.786000 
9.264000 3.247000 
1.442000 0.366000 
9.941000 3.163000 
7.419000 2.263000 
6.351000 5.114000 
3.106000 8.578000 
7.226000 4.875000 
8.931000 3.378000 
9.214000 1.331000 
1.284000 0.811000 
3.909000 0.962000 
5.892000 2.678000 
4.827000 8.179000 
3.418000 9.346000 
2.720000 0.147000 
2.586000 6.199000 
6.503000 2.457000 
5.581000 1.716000 
9.946000 7.171000 
5.904000 4.434000 
3.994000 1.369000 
5.723000 0.761000 
7.641000 6.448000 
0.786000 8.380000 
0.178000 1.428000 
6.809000 1.602000 
2.174000 8.945000 
8.623000 1.514000 
8.697000 2.733000 
2.655000 9.216000 
0.755000 3.227000 


4.664000 5.182000 
8.796000 3.306000 
2.458000 8.712000 
0.033000 5.416000 
3.741000 3.977000 
8.870000 9.563000 
6.558000 4.525000 
0.796000 5.207000 
5.712000 3.006000 
9.704000 2.818000 
3.924000 6.795000 
1.892000 8.966000 
1.846000 0.776000 
6.007000 8.593000 
5.471000 6.230000 
7.222000 4.431000 
4.531000 3.795000 
6.454000 6.397000 
4.495000 4.336000 
4.460000 4.726000 
2.599000 3.374000 
2.194000 7.523000 
7.789000 6.636000 
7.895000 0.650000 
1.208000 3.013000 
7.410000 4.393000 
5.307000 0.998000 
8.384000 2.426000 
7.578000 5.941000 
0.472000 3.789000 
9.922000 5.978000 
7.844000 6.595000 
7.426000 3.067000 
5.370000 9.446000 
2.542000 3.150000 
8.872000 4.614000 
7.729000 2.575000 
6.724000 5.520000 
3.142000 4.463000 
0.830000 2.744000 
3.370000 5.797000 
3.272000 2.122000 
4.744000 9.444000 
7.201000 6.419000 
0.966000 2.188000 
1.712000 4.336000 
1.910000 8.545000 
8.913000 7.349000 
3.453000 7.375000 
1.094000 5.243000 
7.474000 5.806000 
8.746000 2.310000 
7.573000 7.402000 
8.559000 6.843000 
9.593000 3.210000 
3.030000 0.789000 
6.410000 9.560000 
0.366000 6.046000 
5.843000 8.868000 
0.431000 0.653000 
2.029000 3.641000 
2.497000 1.057000 
2.225000 6.948000 
3.884000 4.443000 


8.605000 0.503000 
5.159000 3.165000 
4.754000 1.943000 
9.564000 9.541000 
3.355000 2.181000 
0.019000 0.646000 
0.210000 0.204000 
1.683000 0.741000 
5.004000 1.965000 
4.145000 3.870000 
3.515000 0.437000 
1.114000 4.672000 
3.161000 6.674000 
2.796000 8.129000 
4.915000 9.805000 
2.981000 5.943000 
4.494000 0.853000 
9.390000 3.891000 
3.240000 2.337000 
0.660000 5.176000 
6.567000 9.706000 
5.522000 1.426000 
6.168000 9.740000 
4.481000 9.839000 
9.944000 3.966000 
8.119000 8.592000 
8.539000 8.418000 
4.292000 9.372000 
1.796000 9.279000 
6.913000 4.108000 
8.288000 4.936000 
2.236000 8.096000 
8.172000 7.866000 
6.272000 0.355000 
3.741000 0.362000 
5.072000 7.948000 
8.813000 0.540000 
4.284000 1.513000 
1.201000 8.045000 
3.928000 1.969000 
0.908000 1.096000 
8.998000 4.696000 
2.929000 9.828000 
1.145000 1.223000 
1.356000 8.390000 
2.763000 4.565000 
9.056000 3.753000 
1.456000 1.437000 
4.614000 2.249000 
0.336000 9.056000 
8.355000 7.620000 
3.013000 8.516000 
0.606000 6.363000 
9.513000 3.686000 
6.243000 7.905000 
5.866000 2.768000 
1.875000 0.444000 
8.314000 8.182000 
1.089000 8.875000 
4.645000 1.176000 
0.649000 1.324000 
4.820000 5.083000 
1.506000 1.467000 
8.683000 4.204000 


9.253000 5.474000 
3.205000 6.942000 
5.810000 1.100000 
9.560000 8.410000 
6.168000 6.723000 
3.801000 4.756000 
7.498000 9.031000 
6.811000 3.092000 
6.940000 6.337000 
4.927000 7.143000 
5.448000 7.545000 
0.520000 1.569000 
4.746000 0.381000 
9.154000 0.207000 
4.065000 9.186000 
1.530000 9.645000 
3.548000 4.967000 
5.613000 5.565000 
6.706000 8.773000 
1.769000 6.619000 
1.338000 1.416000 
4.842000 9.849000 
7.214000 6.136000 
4.017000 3.567000 
8.116000 8.745000 
3.349000 3.847000 
0.124000 9.986000 
9.315000 4.761000 
9.958000 3.850000 
4.153000 3.708000 
9.086000 2.816000 
1.978000 3.372000 
7.623000 2.879000 
9.131000 7.380000 
9.347000 7.501000 
3.971000 2.019000 
1.144000 5.083000 
5.920000 3.016000 
1.340000 0.813000 
8.569000 2.468000 
9.007000 3.516000 
2.074000 3.746000 
8.262000 2.787000 
6.214000 8.868000 
7.028000 9.007000 
5.446000 0.659000 
0.560000 2.808000 
2.010000 8.025000 
6.976000 5.509000 
8.790000 3.175000 
6.855000 1.991000 
3.472000 6.779000 
7.514000 2.505000 
4.161000 2.451000 
0.988000 6.555000 
3.240000 0.369000 
6.123000 5.618000 
5.133000 8.318000 
3.811000 1.409000 
7.520000 6.840000 
0.326000 4.347000 
2.509000 1.914000 
4.761000 9.200000 
9.402000 4.569000 


1.799000 3.143000 
8.036000 1.625000 
8.123000 5.483000 
3.927000 3.382000 
8.020000 7.798000 
7.231000 6.730000 
4.533000 6.346000 
1.852000 2.165000 
3.807000 3.289000 
3.122000 0.043000 
0.653000 5.944000 
0.553000 1.539000 
3.407000 5.454000 
5.401000 8.983000 
4.467000 6.574000 
8.948000 2.676000 
0.400000 0.951000 
7.231000 1.119000 
9.224000 8.818000 
2.742000 4.702000 
6.046000 3.140000 
5.044000 7.733000 
0.156000 8.536000 
9.400000 8.212000 
3.529000 3.323000 
6.509000 4.997000 
4.210000 1.862000 
0.524000 9.455000 
9.424000 4.369000 
3.775000 3.981000 
2.763000 3.036000 
6.433000 1.963000 
6.764000 7.074000 
2.433000 8.063000 
8.591000 6.300000 
9.194000 2.038000 
1.055000 3.088000 
4.863000 5.113000 
2.290000 9.789000 
2.103000 5.037000 
9.743000 1.197000 
6.887000 1.523000 
5.539000 7.299000 
9.931000 3.352000 
2.097000 8.520000 
6.213000 0.938000 
8.136000 3.578000 
8.832000 1.810000 
3.431000 3.455000 
2.269000 8.501000 
2.802000 8.893000 
1.490000 0.072000 
7.742000 6.900000 
8.579000 8.811000 
4.918000 9.658000 
3.709000 5.029000 
4.476000 6.515000 
9.814000 7.257000 
7.169000 1.703000 
7.453000 4.950000 
3.072000 9.151000 
2.393000 4.718000 
3.057000 3.765000 
2.197000 2.963000 
