HWC
64 64 1
9.074000 
7.495000 
7.641000 
4.447000 
7.745000 
7.307000 
9.754000 
2.134000 
0.857000 
9.138000 
1.750000 
6.647000 
2.601000 
8.804000 
1.666000 
6.342000 
4.830000 
9.683000 
0.290000 
1.392000 
2.270000 
9.509000 
2.760000 
5.367000 
2.860000 
2.551000 
2.189000 
8.981000 
2.823000 
6.420000 
1.028000 
7.934000 
2.953000 
8.330000 
4.451000 
0.335000 
4.774000 
1.451000 
7.840000 
0.208000 
7.676000 
8.015000 
1.957000 
3.711000 
1.134000 
5.623000 
9.246000 
4.372000 
3.879000 
4.499000 
5.130000 
1.404000 
1.030000 
0.143000 
6.026000 
2.275000 
9.463000 
2.623000 
9.991000 
8.906000 
2.817000 
9.639000 
0.790000 
6.967000 


9.418000 
9.352000 
2.652000 
7.157000 
6.316000 
8.905000 
0.356000 
5.100000 
4.175000 
7.593000 
0.409000 
1.643000 
7.380000 
7.994000 
7.997000 
9.192000 
9.132000 
4.668000 
5.652000 
1.820000 
8.182000 
0.662000 
4.610000 
4.710000 
9.837000 
9.303000 
5.154000 
9.825000 
8.580000 
7.057000 
5.485000 
0.345000 
1.145000 
2.755000 
5.895000 
8.766000 
1.652000 
2.616000 
1.543000 
5.047000 
5.982000 
7.979000 
8.000000 
0.023000 
8.327000 
9.510000 
6.033000 
4.783000 
3.925000 
3.975000 
2.113000 
3.898000 
4.874000 
0.028000 
0.193000 
0.501000 
8.482000 
3.663000 
8.988000 
3.063000 
3.470000 
3.833000 
1.484000 
3.033000 


2.506000 
5.231000 
2.454000 
4.736000 
8.348000 
2.801000 
2.544000 
7.420000 
4.487000 
3.860000 
7.474000 
7.144000 
2.200000 
3.152000 
5.945000 
5.447000 
5.898000 
9.422000 
6.159000 
8.385000 
5.275000 
9.400000 
0.842000 
1.549000 
0.608000 
5.157000 
8.685000 
1.730000 
5.982000 
0.922000 
7.420000 
6.730000 
3.399000 
8.023000 
0.311000 
0.418000 
3.948000 
6.109000 
2.991000 
2.823000 
9.419000 
8.033000 
2.986000 
5.342000 
4.646000 
7.248000 
5.338000 
1.737000 
6.483000 
4.648000 
2.521000 
1.436000 
1.238000 
3.963000 
7.907000 
0.533000 
7.472000 
1.783000 
4.682000 
2.131000 
2.446000 
4.099000 
6.063000 
6.521000 


5.597000 
8.397000 
2.589000 
0.940000 
3.731000 
0.760000 
0.746000 
5.317000 
6.212000 
1.381000 
3.282000 
6.575000 
5.596000 
3.512000 
2.863000 
3.262000 
3.908000 
9.283000 
7.844000 
3.028000 
4.182000 
5.918000 
1.434000 
9.499000 
7.392000 
8.540000 
7.097000 
6.403000 
8.495000 
7.057000 
9.006000 
8.875000 
4.682000 
5.763000 
7.437000 
3.158000 
8.931000 
2.900000 
9.367000 
4.363000 
5.984000 
3.787000 
0.724000 
2.127000 
2.810000 
9.633000 
8.559000 
4.730000 
9.370000 
8.471000 
8.340000 
1.131000 
3.409000 
3.989000 
9.135000 
9.537000 
7.609000 
4.553000 
9.866000 
0.256000 
4.920000 
0.845000 
1.102000 
3.072000 


5.125000 
9.984000 
5.877000 
7.090000 
1.498000 
8.416000 
5.784000 
2.106000 
3.981000 
4.430000 
6.044000 
9.228000 
7.280000 
0.796000 
2.002000 
1.558000 
4.468000 
6.945000 
9.009000 
5.985000 
1.467000 
7.494000 
5.058000 
3.349000 
8.963000 
9.238000 
1.522000 
8.676000 
4.893000 
9.888000 
6.044000 
0.374000 
9.341000 
7.211000 
4.059000 
5.210000 
0.301000 
9.130000 
5.008000 
0.750000 
9.314000 
1.683000 
4.807000 
5.990000 
6.183000 
2.947000 
3.677000 
2.741000 
9.698000 
7.720000 
5.852000 
9.284000 
8.339000 
7.864000 
9.949000 
0.024000 
4.954000 
0.100000 
8.419000 
2.166000 
4.673000 
3.182000 
1.140000 
7.720000 


8.579000 
4.595000 
1.075000 
6.936000 
4.997000 
5.467000 
9.766000 
0.562000 
9.902000 
7.187000 
9.456000 
9.276000 
0.819000 
8.831000 
1.086000 
9.149000 
8.344000 
0.449000 
0.328000 
1.538000 
8.538000 
2.976000 
8.848000 
2.081000 
6.904000 
3.424000 
4.974000 
6.842000 
7.863000 
0.457000 
8.577000 
4.966000 
6.055000 
9.045000 
9.153000 
4.414000 
3.941000 
8.699000 
7.281000 
4.244000 
6.401000 
6.898000 
9.425000 
9.873000 
5.767000 
2.589000 
6.288000 
7.618000 
2.971000 
5.080000 
3.598000 
2.519000 
3.236000 
9.385000 
8.352000 
1.055000 
0.354000 
8.833000 
4.398000 
3.420000 
5.388000 
4.510000 
6.270000 
0.372000 


5.143000 
4.070000 
7.650000 
5.337000 
4.160000 
4.108000 
1.055000 
3.618000 
5.821000 
7.542000 
1.157000 
6.737000 
6.028000 
0.925000 
6.079000 
7.892000 
9.454000 
9.019000 
8.551000 
4.344000 
5.430000 
5.224000 
9.968000 
0.600000 
7.645000 
8.712000 
1.808000 
8.051000 
9.400000 
0.135000 
6.627000 
9.405000 
6.341000 
5.890000 
9.133000 
3.957000 
1.391000 
7.402000 
0.728000 
9.852000 
2.496000 
9.880000 
6.718000 
8.493000 
9.612000 
4.302000 
9.360000 
1.377000 
8.484000 
6.947000 
0.206000 
8.534000 
6.437000 
5.660000 
6.642000 
8.243000 
6.780000 
6.146000 
5.110000 
2.321000 
2.325000 
3.666000 
3.034000 
3.739000 


2.311000 
5.489000 
4.294000 
0.466000 
9.015000 
0.601000 
7.990000 
1.147000 
9.671000 
0.973000 
0.989000 
9.505000 
2.621000 
1.352000 
8.215000 
9.878000 
8.482000 
5.747000 
2.094000 
9.860000 
8.691000 
3.118000 
5.658000 
0.507000 
0.615000 
0.112000 
7.478000 
4.919000 
9.140000 
8.459000 
4.066000 
6.937000 
6.409000 
8.029000 
5.249000 
2.317000 
4.703000 
9.677000 
2.405000 
2.044000 
8.017000 
0.976000 
4.477000 
8.299000 
4.870000 
3.677000 
7.800000 
0.541000 
3.299000 
9.064000 
2.812000 
1.545000 
3.169000 
0.581000 
1.407000 
4.946000 
7.485000 
1.273000 
4.522000 
1.932000 
9.035000 
1.033000 
2.575000 
7.396000 


6.497000 
7.127000 
7.842000 
9.529000 
9.894000 
9.289000 
5.440000 
3.431000 
6.509000 
1.240000 
6.980000 
3.128000 
5.133000 
9.202000 
2.088000 
9.935000 
3.059000 
4.247000 
2.086000 
0.968000 
0.239000 
2.338000 
0.844000 
4.956000 
6.825000 
1.089000 
5.720000 
6.173000 
4.730000 
4.914000 
8.326000 
5.405000 
4.615000 
4.990000 
9.781000 
7.737000 
2.567000 
2.051000 
5.845000 
7.117000 
9.556000 
9.181000 
8.775000 
8.834000 
3.434000 
0.324000 
1.301000 
9.498000 
8.086000 
5.321000 
3.151000 
7.887000 
9.486000 
5.482000 
3.297000 
0.707000 
3.509000 
4.482000 
1.594000 
2.142000 
9.768000 
3.142000 
0.900000 
9.689000 


9.833000 
6.853000 
0.772000 
1.408000 
7.382000 
1.943000 
2.194000 
6.237000 
8.890000 
4.340000 
6.739000 
1.865000 
5.300000 
3.928000 
4.000000 
1.538000 
1.331000 
5.874000 
2.187000 
8.714000 
6.877000 
2.953000 
6.011000 
1.126000 
6.261000 
1.738000 
1.948000 
5.859000 
4.963000 
9.801000 
6.108000 
5.500000 
2.435000 
5.894000 
5.009000 
0.544000 
7.970000 
7.309000 
2.687000 
5.235000 
0.254000 
4.652000 
0.577000 
2.156000 
3.002000 
7.207000 
6.001000 
2.901000 
0.434000 
9.412000 
6.109000 
0.034000 
3.454000 
4.413000 
8.484000 
4.146000 
2.974000 
3.645000 
5.662000 
1.795000 
0.463000 
4.127000 
8.062000 
7.605000 


2.176000 
6.644000 
3.326000 
5.069000 
0.375000 
5.625000 
1.835000 
0.301000 
4.922000 
1.065000 
2.452000 
1.952000 
4.567000 
8.436000 
9.460000 
3.830000 
9.411000 
2.626000 
7.153000 
5.869000 
3.529000 
9.091000 
3.970000 
2.879000 
6.044000 
2.180000 
9.509000 
4.116000 
6.564000 
3.058000 
4.945000 
0.364000 
3.715000 
3.445000 
3.389000 
1.101000 
9.865000 
4.988000 
2.289000 
9.079000 
8.163000 
9.534000 
1.743000 
8.102000 
8.906000 
0.683000 
4.401000 
0.912000 
3.094000 
1.688000 
2.728000 
6.107000 
5.686000 
2.780000 
5.314000 
5.365000 
9.470000 
7.502000 
1.253000 
5.873000 
9.469000 
3.066000 
6.660000 
4.690000 


1.040000 
8.943000 
5.520000 
2.713000 
2.497000 
5.533000 
3.704000 
7.640000 
2.149000 
7.091000 
3.451000 
2.617000 
8.577000 
9.494000 
9.662000 
1.344000 
0.563000 
0.822000 
1.689000 
3.641000 
5.380000 
8.349000 
2.777000 
4.962000 
3.837000 
1.033000 
7.722000 
2.913000 
9.334000 
1.537000 
2.944000 
2.403000 
5.873000 
5.942000 
9.465000 
1.749000 
5.109000 
0.282000 
2.440000 
9.165000 
3.651000 
2.622000 
0.200000 
4.025000 
0.646000 
4.884000 
7.499000 
3.449000 
3.217000 
0.935000 
5.326000 
3.881000 
9.134000 
8.322000 
5.760000 
6.908000 
4.037000 
3.489000 
1.417000 
0.125000 
5.780000 
2.006000 
1.352000 
3.004000 


1.199000 
3.605000 
2.975000 
6.962000 
4.353000 
6.388000 
1.828000 
5.877000 
2.827000 
2.807000 
9.584000 
9.013000 
0.645000 
4.996000 
2.827000 
2.920000 
8.291000 
6.905000 
6.715000 
9.727000 
1.855000 
7.534000 
9.413000 
2.253000 
5.482000 
9.189000 
7.993000 
6.783000 
5.574000 
6.988000 
6.131000 
8.780000 
9.137000 
2.040000 
5.904000 
9.625000 
0.588000 
4.147000 
3.275000 
4.945000 
1.461000 
0.177000 
5.041000 
0.796000 
5.092000 
5.369000 
0.397000 
8.350000 
2.539000 
4.443000 
4.862000 
8.907000 
7.580000 
1.803000 
5.807000 
5.965000 
3.588000 
9.426000 
9.455000 
5.597000 
7.064000 
2.122000 
4.171000 
9.700000 


3.567000 
1.506000 
4.564000 
6.584000 
6.172000 
5.704000 
7.840000 
1.952000 
0.516000 
2.762000 
4.306000 
4.518000 
8.381000 
5.183000 
6.169000 
9.263000 
9.028000 
0.869000 
3.886000 
8.441000 
2.193000 
8.391000 
2.166000 
4.166000 
8.074000 
2.653000 
1.639000 
0.102000 
2.868000 
2.572000 
6.522000 
5.125000 
5.308000 
1.846000 
9.800000 
5.606000 
0.784000 
8.378000 
0.692000 
1.985000 
5.824000 
7.499000 
0.866000 
3.835000 
5.592000 
5.475000 
0.947000 
6.720000 
9.299000 
8.155000 
1.558000 
7.444000 
4.110000 
7.997000 
4.719000 
9.921000 
7.326000 
4.359000 
7.727000 
4.631000 
0.954000 
8.137000 
3.411000 
0.862000 


6.127000 
8.161000 
5.482000 
2.732000 
4.131000 
7.098000 
7.064000 
2.098000 
0.793000 
5.287000 
1.003000 
4.543000 
2.728000 
6.564000 
6.593000 
1.553000 
9.147000 
3.110000 
4.375000 
3.277000 
2.923000 
0.061000 
3.747000 
0.730000 
4.968000 
5.764000 
2.287000 
0.634000 
2.043000 
3.859000 
0.976000 
7.709000 
4.183000 
3.808000 
3.013000 
7.066000 
7.460000 
2.276000 
5.639000 
8.452000 
1.728000 
2.931000 
7.228000 
1.736000 
7.115000 
4.260000 
3.712000 
0.918000 
9.140000 
6.455000 
8.163000 
4.442000 
3.352000 
3.184000 
2.429000 
5.951000 
8.557000 
4.526000 
8.800000 
1.410000 
4.561000 
6.711000 
3.992000 
2.522000 


5.060000 
1.638000 
5.202000 
5.199000 
5.502000 
3.898000 
2.724000 
8.442000 
5.083000 
9.771000 
1.934000 
6.151000 
9.556000 
1.121000 
6.843000 
6.680000 
8.972000 
1.479000 
0.750000 
9.081000 
1.414000 
0.537000 
2.828000 
8.123000 
4.651000 
8.147000 
1.780000 
9.432000 
3.512000 
4.884000 
6.901000 
4.963000 
2.587000 
6.400000 
3.120000 
2.295000 
4.812000 
1.376000 
4.515000 
8.256000 
0.099000 
8.455000 
7.053000 
3.216000 
7.497000 
3.624000 
2.369000 
0.273000 
5.029000 
0.999000 
4.859000 
5.388000 
8.830000 
0.016000 
5.321000 
1.567000 
1.027000 
3.651000 
0.613000 
1.349000 
7.672000 
2.510000 
3.561000 
7.702000 


2.160000 
9.444000 
4.699000 
9.395000 
4.302000 
9.578000 
4.035000 
7.747000 
7.519000 
5.846000 
4.618000 
8.948000 
2.168000 
5.035000 
6.945000 
7.024000 
4.143000 
8.829000 
4.005000 
5.076000 
0.339000 
0.634000 
2.152000 
5.788000 
9.780000 
0.509000 
5.181000 
9.392000 
7.267000 
5.783000 
3.517000 
6.021000 
5.627000 
9.208000 
5.778000 
0.644000 
5.291000 
6.843000 
9.660000 
9.820000 
6.969000 
6.542000 
6.138000 
5.852000 
6.714000 
6.673000 
7.146000 
0.596000 
0.249000 
5.110000 
4.089000 
4.849000 
7.034000 
3.176000 
7.028000 
2.487000 
9.677000 
2.500000 
1.316000 
8.276000 
2.691000 
4.613000 
0.348000 
8.962000 


1.366000 
9.328000 
6.180000 
7.540000 
2.222000 
6.260000 
6.417000 
9.599000 
0.481000 
0.966000 
6.803000 
6.179000 
6.896000 
5.683000 
5.058000 
7.841000 
1.423000 
4.584000 
7.699000 
3.521000 
1.897000 
5.523000 
1.233000 
3.464000 
3.574000 
6.215000 
6.377000 
2.576000 
5.890000 
0.517000 
1.961000 
0.078000 
8.231000 
3.691000 
5.843000 
8.555000 
3.346000 
8.758000 
1.905000 
2.645000 
3.005000 
8.560000 
3.958000 
9.007000 
2.100000 
3.501000 
0.586000 
3.798000 
4.594000 
3.804000 
1.054000 
4.529000 
9.142000 
5.331000 
5.509000 
2.878000 
9.540000 
4.248000 
5.279000 
9.698000 
9.131000 
7.792000 
3.131000 
1.239000 


1.784000 
4.514000 
3.754000 
3.590000 
2.330000 
0.295000 
9.601000 
9.058000 
3.668000 
5.343000 
2.914000 
9.030000 
0.945000 
8.115000 
1.117000 
8.154000 
0.749000 
2.091000 
8.064000 
0.104000 
7.306000 
7.291000 
2.629000 
8.752000 
6.008000 
1.596000 
1.840000 
7.321000 
3.801000 
9.567000 
1.143000 
4.171000 
6.742000 
2.748000 
4.647000 
4.258000 
5.957000 
5.212000 
4.250000 
4.884000 
0.763000 
5.534000 
9.811000 
8.093000 
4.643000 
4.882000 
1.734000 
4.031000 
8.019000 
5.987000 
5.984000 
0.971000 
8.146000 
6.880000 
2.851000 
9.008000 
0.948000 
8.921000 
6.453000 
0.723000 
7.379000 
3.235000 
7.362000 
0.294000 


0.397000 
0.751000 
9.231000 
4.675000 
4.257000 
6.126000 
6.023000 
3.426000 
2.380000 
4.083000 
2.067000 
6.282000 
6.764000 
1.264000 
3.135000 
2.212000 
0.543000 
6.266000 
1.038000 
3.504000 
5.201000 
5.108000 
7.469000 
4.549000 
7.235000 
5.035000 
9.791000 
7.804000 
3.538000 
7.035000 
3.330000 
6.557000 
2.211000 
6.352000 
2.822000 
1.250000 
2.191000 
1.952000 
1.245000 
5.861000 
1.486000 
6.838000 
1.269000 
7.833000 
0.063000 
7.832000 
4.116000 
9.972000 
9.918000 
8.633000 
5.237000 
7.115000 
8.946000 
3.440000 
1.921000 
7.728000 
9.254000 
1.037000 
5.561000 
5.331000 
0.091000 
1.723000 
3.905000 
9.590000 


0.723000 
2.915000 
4.459000 
6.092000 
1.803000 
6.301000 
1.538000 
3.484000 
4.947000 
7.667000 
9.743000 
2.486000 
2.514000 
6.745000 
2.256000 
2.947000 
0.912000 
1.644000 
4.949000 
1.481000 
3.621000 
6.829000 
4.515000 
8.655000 
7.538000 
2.675000 
5.673000 
3.468000 
2.074000 
3.662000 
2.901000 
0.014000 
5.176000 
1.889000 
5.746000 
3.230000 
3.856000 
7.230000 
3.076000 
6.889000 
8.560000 
4.247000 
7.430000 
5.124000 
0.633000 
3.835000 
1.748000 
0.052000 
1.859000 
9.753000 
1.663000 
9.677000 
9.394000 
6.594000 
5.497000 
5.788000 
9.400000 
0.994000 
0.455000 
6.336000 
7.609000 
7.327000 
6.725000 
8.985000 


5.672000 
8.894000 
8.074000 
9.206000 
1.832000 
2.643000 
5.635000 
7.739000 
4.819000 
8.219000 
7.556000 
9.067000 
7.430000 
7.226000 
6.477000 
5.444000 
1.301000 
9.484000 
9.262000 
6.844000 
7.194000 
1.128000 
4.270000 
7.866000 
0.304000 
7.069000 
3.344000 
9.377000 
5.235000 
7.634000 
9.166000 
0.214000 
3.768000 
9.843000 
1.093000 
6.829000 
8.878000 
1.117000 
3.176000 
8.591000 
7.772000 
7.693000 
4.500000 
8.243000 
0.026000 
4.152000 
5.307000 
6.013000 
0.416000 
1.162000 
5.248000 
6.149000 
8.653000 
7.275000 
5.306000 
1.663000 
4.230000 
0.547000 
9.131000 
7.522000 
7.371000 
1.055000 
2.392000 
0.809000 


5.628000 
7.022000 
6.316000 
5.003000 
3.142000 
3.151000 
0.849000 
7.878000 
6.875000 
6.514000 
6.271000 
7.868000 
2.063000 
9.024000 
8.695000 
9.969000 
1.806000 
5.200000 
2.867000 
5.795000 
5.186000 
7.161000 
6.465000 
3.818000 
6.169000 
2.051000 
7.074000 
8.787000 
5.195000 
6.297000 
7.645000 
4.566000 
9.610000 
6.629000 
2.674000 
1.190000 
4.076000 
6.599000 
9.742000 
6.586000 
9.807000 
1.056000 
4.908000 
8.722000 
7.654000 
0.346000 
7.638000 
3.807000 
7.383000 
6.077000 
9.214000 
0.622000 
1.970000 
6.535000 
6.696000 
3.976000 
4.462000 
9.736000 
1.227000 
5.826000 
9.830000 
6.886000 
0.141000 
1.069000 


7.482000 
3.934000 
7.118000 
6.338000 
4.483000 
7.154000 
8.699000 
4.034000 
8.867000 
2.533000 
4.932000 
1.680000 
3.588000 
8.584000 
1.964000 
7.605000 
9.504000 
2.495000 
8.801000 
2.064000 
4.411000 
7.167000 
3.052000 
6.273000 
7.675000 
4.718000 
6.221000 
3.722000 
7.669000 
6.242000 
4.664000 
1.783000 
1.740000 
7.143000 
5.816000 
2.881000 
4.777000 
9.690000 
3.953000 
6.101000 
3.825000 
6.939000 
9.922000 
6.208000 
9.320000 
6.280000 
2.651000 
4.505000 
8.694000 
3.988000 
0.856000 
1.089000 
9.621000 
9.815000 
5.799000 
7.906000 
5.792000 
6.024000 
1.859000 
6.009000 
7.387000 
7.868000 
0.353000 
7.133000 


0.374000 
9.909000 
4.342000 
9.567000 
0.834000 
3.889000 
8.004000 
2.611000 
9.345000 
5.863000 
3.571000 
1.440000 
6.866000 
7.349000 
8.034000 
8.970000 
5.604000 
2.342000 
2.581000 
0.262000 
7.645000 
2.754000 
2.299000 
5.797000 
6.704000 
5.553000 
2.589000 
7.586000 
2.654000 
3.026000 
5.771000 
1.801000 
3.579000 
4.026000 
2.406000 
2.280000 
4.793000 
2.052000 
3.103000 
5.089000 
2.214000 
6.435000 
3.987000 
0.610000 
8.013000 
0.035000 
8.336000 
7.864000 
2.332000 
4.427000 
2.531000 
4.789000 
0.798000 
0.769000 
1.043000 
0.061000 
9.204000 
4.412000 
9.574000 
6.185000 
5.010000 
7.724000 
4.409000 
1.613000 


3.830000 
1.480000 
1.804000 
0.038000 
9.463000 
6.505000 
6.665000 
6.467000 
2.119000 
1.765000 
2.253000 
5.632000 
0.523000 
3.313000 
5.296000 
8.025000 
7.318000 
8.193000 
4.831000 
8.078000 
9.039000 
7.504000 
3.853000 
4.278000 
1.202000 
7.665000 
0.345000 
3.422000 
3.006000 
8.504000 
8.013000 
0.134000 
5.091000 
7.158000 
6.558000 
0.568000 
6.171000 
4.006000 
8.395000 
5.997000 
0.679000 
5.756000 
9.665000 
8.245000 
8.617000 
7.326000 
5.983000 
4.666000 
2.139000 
0.997000 
3.413000 
6.999000 
2.342000 
9.609000 
5.641000 
3.039000 
1.974000 
7.345000 
7.030000 
0.662000 
5.043000 
4.982000 
1.801000 
4.806000 


4.177000 
5.343000 
0.073000 
3.526000 
3.348000 
9.506000 
1.447000 
1.662000 
4.045000 
7.764000 
7.301000 
3.076000 
2.767000 
2.427000 
0.411000 
1.214000 
9.389000 
8.530000 
5.251000 
8.230000 
7.896000 
0.293000 
6.634000 
5.468000 
3.666000 
1.755000 
8.011000 
6.015000 
9.242000 
8.051000 
5.676000 
0.593000 
8.526000 
0.880000 
7.531000 
5.081000 
3.199000 
1.123000 
0.033000 
6.864000 
6.176000 
1.018000 
6.155000 
1.318000 
5.477000 
1.402000 
4.987000 
8.923000 
7.470000 
9.995000 
5.265000 
3.134000 
3.155000 
4.649000 
3.553000 
3.240000 
2.838000 
0.269000 
1.293000 
0.743000 
0.957000 
6.979000 
0.493000 
8.513000 


2.057000 
5.669000 
6.290000 
5.787000 
5.765000 
5.338000 
8.303000 
5.400000 
2.838000 
6.486000 
3.609000 
9.957000 
9.375000 
3.214000 
9.191000 
4.183000 
6.589000 
4.923000 
5.008000 
5.028000 
3.852000 
6.444000 
8.946000 
6.000000 
0.218000 
4.971000 
9.716000 
4.746000 
4.568000 
1.663000 
2.393000 
7.712000 
2.051000 
4.565000 
9.698000 
0.537000 
6.312000 
2.057000 
1.530000 
9.746000 
6.896000 
1.928000 
2.349000 
8.407000 
3.692000 
7.029000 
8.620000 
4.123000 
3.729000 
6.788000 
0.985000 
3.330000 
0.659000 
8.908000 
9.797000 
0.289000 
2.428000 
9.657000 
1.597000 
8.048000 
0.838000 
4.078000 
6.171000 
2.834000 


3.241000 
9.679000 
3.300000 
7.876000 
1.101000 
6.148000 
8.144000 
3.943000 
1.359000 
1.702000 
4.368000 
4.597000 
7.532000 
7.368000 
3.228000 
6.307000 
2.529000 
7.048000 
1.700000 
9.788000 
8.061000 
0.051000 
1.430000 
5.834000 
0.298000 
2.098000 
3.639000 
2.576000 
8.075000 
7.578000 
2.851000 
4.125000 
6.223000 
7.562000 
8.801000 
0.724000 
5.991000 
5.772000 
7.473000 
6.563000 
5.495000 
8.789000 
1.708000 
3.009000 
7.662000 
3.791000 
4.472000 
2.246000 
1.793000 
4.971000 
3.512000 
3.809000 
9.175000 
9.629000 
3.892000 
4.420000 
4.853000 
4.873000 
0.927000 
9.049000 
4.821000 
1.806000 
3.460000 
2.693000 


6.566000 
2.199000 
6.063000 
2.285000 
8.295000 
8.239000 
4.458000 
7.927000 
2.220000 
8.577000 
3.387000 
0.792000 
3.170000 
6.558000 
9.356000 
8.235000 
9.619000 
8.704000 
9.147000 
7.273000 
9.256000 
5.982000 
4.523000 
5.730000 
3.061000 
8.947000 
8.285000 
7.361000 
8.690000 
4.437000 
9.522000 
6.672000 
5.810000 
1.175000 
2.718000 
5.104000 
6.664000 
8.392000 
1.347000 
0.635000 
8.429000 
3.561000 
2.025000 
4.521000 
4.841000 
1.466000 
4.334000 
9.856000 
3.515000 
7.807000 
2.184000 
0.911000 
6.702000 
6.388000 
3.426000 
5.162000 
9.309000 
1.274000 
9.646000 
8.403000 
7.458000 
1.555000 
4.360000 
0.994000 


8.796000 
3.165000 
4.416000 
6.181000 
3.381000 
5.520000 
5.945000 
1.367000 
9.406000 
2.942000 
1.142000 
6.245000 
3.918000 
9.449000 
1.916000 
5.211000 
5.596000 
4.397000 
2.453000 
1.131000 
9.500000 
5.346000 
3.686000 
3.405000 
2.059000 
1.201000 
4.044000 
4.506000 
7.951000 
8.945000 
0.751000 
6.932000 
2.533000 
2.712000 
8.259000 
3.525000 
3.199000 
5.910000 
8.288000 
2.682000 
5.662000 
6.253000 
7.682000 
0.372000 
7.419000 
1.852000 
3.474000 
0.869000 
6.465000 
3.698000 
0.130000 
8.837000 
2.446000 
6.567000 
4.062000 
7.434000 
9.484000 
8.486000 
7.151000 
5.503000 
8.176000 
9.092000 
2.492000 
0.362000 


6.248000 
0.035000 
7.635000 
6.059000 
3.619000 
7.168000 
4.579000 
0.109000 
4.642000 
3.934000 
3.805000 
2.716000 
9.498000 
6.337000 
4.475000 
7.300000 
3.464000 
9.805000 
6.207000 
3.885000 
4.843000 
3.859000 
8.359000 
9.838000 
5.267000 
7.500000 
5.915000 
7.407000 
4.729000 
3.755000 
3.147000 
2.631000 
8.391000 
6.767000 
1.005000 
7.129000 
8.057000 
1.622000 
4.013000 
2.122000 
7.938000 
8.354000 
6.191000 
9.266000 
5.857000 
2.829000 
4.077000 
8.320000 
6.953000 
6.124000 
2.091000 
0.158000 
6.946000 
2.916000 
9.593000 
0.241000 
1.013000 
7.736000 
0.708000 
7.181000 
6.376000 
8.273000 
4.526000 
5.626000 


1.680000 
9.437000 
7.708000 
0.271000 
7.728000 
1.966000 
0.931000 
1.205000 
3.506000 
8.205000 
2.296000 
3.483000 
8.100000 
5.477000 
8.350000 
4.106000 
5.558000 
6.506000 
9.491000 
4.273000 
9.022000 
7.244000 
1.151000 
4.601000 
3.743000 
5.224000 
0.896000 
1.063000 
0.464000 
7.975000 
0.348000 
7.902000 
1.976000 
5.525000 
3.890000 
7.742000 
8.742000 
5.569000 
9.788000 
0.902000 
5.681000 
2.274000 
4.834000 
8.278000 
6.230000 
6.817000 
8.334000 
8.837000 
5.480000 
0.834000 
6.865000 
4.987000 
9.916000 
8.204000 
7.079000 
5.940000 
5.233000 
2.043000 
7.904000 
1.718000 
2.927000 
3.416000 
9.607000 
4.276000 


9.321000 
3.513000 
6.392000 
4.498000 
5.409000 
2.364000 
8.161000 
4.305000 
2.871000 
9.814000 
3.022000 
3.965000 
2.772000 
9.914000 
2.339000 
0.170000 
2.006000 
4.199000 
8.536000 
7.410000 
4.103000 
9.137000 
0.783000 
2.012000 
6.143000 
3.485000 
9.711000 
7.818000 
7.535000 
1.214000 
4.628000 
7.887000 
1.419000 
7.736000 
3.487000 
6.604000 
7.624000 
6.208000 
1.889000 
4.765000 
2.750000 
9.902000 
8.404000 
1.296000 
8.157000 
5.815000 
6.598000 
5.771000 
2.141000 
7.029000 
5.005000 
5.923000 
5.728000 
3.741000 
3.055000 
2.001000 
9.461000 
4.619000 
8.680000 
0.158000 
7.482000 
5.975000 
2.379000 
4.803000 


7.958000 
2.853000 
1.818000 
8.297000 
3.612000 
7.867000 
6.898000 
5.177000 
4.476000 
6.929000 
8.417000 
6.346000 
9.412000 
6.332000 
6.771000 
2.664000 
9.320000 
4.045000 
6.998000 
5.037000 
4.381000 
3.629000 
5.477000 
0.343000 
1.308000 
9.462000 
0.712000 
1.976000 
4.481000 
4.620000 
2.148000 
5.982000 
5.506000 
8.959000 
8.722000 
3.114000 
9.604000 
7.087000 
8.255000 
1.388000 
7.406000 
1.992000 
3.011000 
4.595000 
4.981000 
5.097000 
9.204000 
8.598000 
3.811000 
7.215000 
4.257000 
1.989000 
9.778000 
5.296000 
9.210000 
0.300000 
7.534000 
1.087000 
8.964000 
4.390000 
3.953000 
1.076000 
3.271000 
7.869000 


9.936000 
5.968000 
8.118000 
0.759000 
9.737000 
8.633000 
9.091000 
8.268000 
3.929000 
9.875000 
4.093000 
6.840000 
0.105000 
1.204000 
6.646000 
6.811000 
0.510000 
3.480000 
7.089000 
2.877000 
6.647000 
2.126000 
3.148000 
8.716000 
2.453000 
6.323000 
9.209000 
0.945000 
0.135000 
9.043000 
7.575000 
9.716000 
4.986000 
9.417000 
3.788000 
8.903000 
6.509000 
2.525000 
4.128000 
9.438000 
2.538000 
9.480000 
7.981000 
7.414000 
8.926000 
1.251000 
5.015000 
7.290000 
6.868000 
8.430000 
5.354000 
3.795000 
1.066000 
4.224000 
0.266000 
1.776000 
2.129000 
0.904000 
4.385000 
0.931000 
7.479000 
9.813000 
9.502000 
8.848000 


0.163000 
3.378000 
0.963000 
3.733000 
9.845000 
3.576000 
7.973000 
9.268000 
9.312000 
2.916000 
4.842000 
7.009000 
6.030000 
1.168000 
6.629000 
8.254000 
3.647000 
8.663000 
8.805000 
9.344000 
0.354000 
1.467000 
4.625000 
1.133000 
7.260000 
3.987000 
7.898000 
0.776000 
0.522000 
5.813000 
8.312000 
6.649000 
2.052000 
9.274000 
4.060000 
2.212000 
1.539000 
5.446000 
0.767000 
6.455000 
0.630000 
6.481000 
7.791000 
5.160000 
5.553000 
4.521000 
7.745000 
8.529000 
2.834000 
3.358000 
2.774000 
7.662000 
1.954000 
3.182000 
2.392000 
7.100000 
6.432000 
4.254000 
3.543000 
1.592000 
6.740000 
9.315000 
3.636000 
0.634000 


2.000000 
9.718000 
2.268000 
1.791000 
3.192000 
3.296000 
0.963000 
4.959000 
6.682000 
4.322000 
4.981000 
5.675000 
4.733000 
8.911000 
9.186000 
1.192000 
6.242000 
8.664000 
4.642000 
9.085000 
5.430000 
6.124000 
5.481000 
0.141000 
3.001000 
5.094000 
3.082000 
2.408000 
2.111000 
2.537000 
3.568000 
1.540000 
0.992000 
4.673000 
0.660000 
6.173000 
2.491000 
5.188000 
9.733000 
2.841000 
2.496000 
7.069000 
5.056000 
6.098000 
7.148000 
1.168000 
8.717000 
3.231000 
9.265000 
1.695000 
8.015000 
8.720000 
0.166000 
1.184000 
5.589000 
8.986000 
8.312000 
0.016000 
1.884000 
3.239000 
7.454000 
2.452000 
9.820000 
5.880000 


9.941000 
5.362000 
1.797000 
7.519000 
4.342000 
4.567000 
5.432000 
4.369000 
5.960000 
9.816000 
9.556000 
5.932000 
0.167000 
3.182000 
6.772000 
5.424000 
9.343000 
7.374000 
7.573000 
5.807000 
6.301000 
4.551000 
6.631000 
1.830000 
2.361000 
3.139000 
1.054000 
5.281000 
3.808000 
7.560000 
0.230000 
9.998000 
6.474000 
3.417000 
8.617000 
5.019000 
2.303000 
3.004000 
1.194000 
4.230000 
2.832000 
8.177000 
2.793000 
4.163000 
8.274000 
9.886000 
7.411000 
0.782000 
3.608000 
0.637000 
6.128000 
9.848000 
1.578000 
0.071000 
7.686000 
5.384000 
8.023000 
3.461000 
3.372000 
6.474000 
5.700000 
9.206000 
8.948000 
9.701000 


6.892000 
7.486000 
2.347000 
4.156000 
0.186000 
9.402000 
4.881000 
7.446000 
4.700000 
2.777000 
4.884000 
2.422000 
8.316000 
6.399000 
7.969000 
6.173000 
2.792000 
4.233000 
7.345000 
5.417000 
8.969000 
1.755000 
5.958000 
9.459000 
6.461000 
5.082000 
4.192000 
4.633000 
1.837000 
6.126000 
3.486000 
7.371000 
2.311000 
7.769000 
2.698000 
3.540000 
0.711000 
8.222000 
7.201000 
0.032000 
2.622000 
7.712000 
5.323000 
5.675000 
6.083000 
9.670000 
6.805000 
8.551000 
1.349000 
1.476000 
2.211000 
2.068000 
6.664000 
2.296000 
0.676000 
0.232000 
3.794000 
6.464000 
9.347000 
8.981000 
0.293000 
1.351000 
8.396000 
2.566000 


8.926000 
6.498000 
5.411000 
6.764000 
1.560000 
8.645000 
4.092000 
5.534000 
5.878000 
9.708000 
0.491000 
0.655000 
0.045000 
4.235000 
0.964000 
7.244000 
3.548000 
7.381000 
8.660000 
3.739000 
5.910000 
8.809000 
0.318000 
4.241000 
9.046000 
1.422000 
5.344000 
3.026000 
3.140000 
6.535000 
6.766000 
0.347000 
3.873000 
1.979000 
4.578000 
9.106000 
0.807000 
6.842000 
4.962000 
7.321000 
7.738000 
9.898000 
9.877000 
4.823000 
6.537000 
3.473000 
7.842000 
2.675000 
7.901000 
0.601000 
6.724000 
5.671000 
0.326000 
5.008000 
6.302000 
9.298000 
0.129000 
3.474000 
4.825000 
9.375000 
2.360000 
3.722000 
3.022000 
8.271000 


7.403000 
6.107000 
7.636000 
4.363000 
0.644000 
9.603000 
4.406000 
3.690000 
0.802000 
0.894000 
1.814000 
9.693000 
9.470000 
0.729000 
9.813000 
6.120000 
6.929000 
4.049000 
0.357000 
2.527000 
0.488000 
7.004000 
7.384000 
2.134000 
4.211000 
6.517000 
9.649000 
6.552000 
9.627000 
4.316000 
8.986000 
9.361000 
5.367000 
0.480000 
4.527000 
9.431000 
7.842000 
8.966000 
3.482000 
6.117000 
6.832000 
0.071000 
5.198000 
8.305000 
0.257000 
0.617000 
5.762000 
7.862000 
6.093000 
3.207000 
4.053000 
4.692000 
1.777000 
3.475000 
7.462000 
9.306000 
8.579000 
3.479000 
2.353000 
4.954000 
7.111000 
0.909000 
8.255000 
4.003000 


3.465000 
7.673000 
6.200000 
5.766000 
2.375000 
5.942000 
5.186000 
0.483000 
7.329000 
0.247000 
8.451000 
4.996000 
7.125000 
8.436000 
4.676000 
6.081000 
6.002000 
2.012000 
2.471000 
9.236000 
7.020000 
1.035000 
6.778000 
5.027000 
8.184000 
0.142000 
6.828000 
8.550000 
1.044000 
2.038000 
2.130000 
0.214000 
4.577000 
9.390000 
6.357000 
4.598000 
3.805000 
8.287000 
3.503000 
1.044000 
4.941000 
4.675000 
6.325000 
8.426000 
2.916000 
5.795000 
7.639000 
5.882000 
0.940000 
1.968000 
0.252000 
3.378000 
8.551000 
0.993000 
1.331000 
6.446000 
9.576000 
0.745000 
7.051000 
2.327000 
2.340000 
1.366000 
6.836000 
8.548000 


8.874000 
7.777000 
3.435000 
9.535000 
9.172000 
6.745000 
5.270000 
3.128000 
0.665000 
9.804000 
9.397000 
4.036000 
6.606000 
8.070000 
9.004000 
3.922000 
9.839000 
7.004000 
9.206000 
1.614000 
3.420000 
5.233000 
7.903000 
6.241000 
8.587000 
8.988000 
4.529000 
2.426000 
4.780000 
7.281000 
3.467000 
8.014000 
5.606000 
2.933000 
4.261000 
5.894000 
5.611000 
9.077000 
2.193000 
1.138000 
1.364000 
1.468000 
9.503000 
3.380000 
0.743000 
0.771000 
4.568000 
0.221000 
0.155000 
7.690000 
6.758000 
8.451000 
1.063000 
8.587000 
9.198000 
0.388000 
6.203000 
9.159000 
2.104000 
2.694000 
9.552000 
6.114000 
8.603000 
0.646000 


8.545000 
5.880000 
1.920000 
7.672000 
4.563000 
2.592000 
2.336000 
7.028000 
1.190000 
0.599000 
8.727000 
5.197000 
3.111000 
8.752000 
0.350000 
3.178000 
4.087000 
0.551000 
2.445000 
1.695000 
7.187000 
7.121000 
3.621000 
4.416000 
0.337000 
7.161000 
1.012000 
0.047000 
6.374000 
8.543000 
0.902000 
8.324000 
9.835000 
3.700000 
3.452000 
9.288000 
6.036000 
6.515000 
6.911000 
3.524000 
8.650000 
9.016000 
5.747000 
6.491000 
6.919000 
1.550000 
5.811000 
5.514000 
5.102000 
7.926000 
4.610000 
5.546000 
6.327000 
3.007000 
5.697000 
3.190000 
3.568000 
3.066000 
3.974000 
7.789000 
7.295000 
5.066000 
1.918000 
8.752000 


6.146000 
1.927000 
6.596000 
7.755000 
2.238000 
8.866000 
3.646000 
1.339000 
0.615000 
2.883000 
0.315000 
1.834000 
2.716000 
0.717000 
0.184000 
8.006000 
8.852000 
3.440000 
0.110000 
4.724000 
4.662000 
2.988000 
2.000000 
1.876000 
5.085000 
9.909000 
1.783000 
3.010000 
1.348000 
5.485000 
5.901000 
4.215000 
9.777000 
2.905000 
1.555000 
4.941000 
3.925000 
0.878000 
8.609000 
1.244000 
3.865000 
9.094000 
5.601000 
0.148000 
4.888000 
1.185000 
1.830000 
8.246000 
5.760000 
4.199000 
1.485000 
6.237000 
7.070000 
7.687000 
2.574000 
5.725000 
2.789000 
2.088000 
9.627000 
5.339000 
0.575000 
1.656000 
4.630000 
0.364000 


7.406000 
0.410000 
0.056000 
0.654000 
6.466000 
5.509000 
9.977000 
5.480000 
8.757000 
1.157000 
8.861000 
9.252000 
5.726000 
8.193000 
9.867000 
7.098000 
5.826000 
8.869000 
0.507000 
5.713000 
4.216000 
2.366000 
8.809000 
3.313000 
8.119000 
2.303000 
0.023000 
2.769000 
1.521000 
2.457000 
8.576000 
5.014000 
3.416000 
2.989000 
9.758000 
7.250000 
6.276000 
0.872000 
0.167000 
2.652000 
1.360000 
7.970000 
9.215000 
9.837000 
0.758000 
2.125000 
4.554000 
6.441000 
7.374000 
4.599000 
0.836000 
7.458000 
4.169000 
4.902000 
8.868000 
1.678000 
5.213000 
4.316000 
3.092000 
5.165000 
9.151000 
9.537000 
7.133000 
4.381000 


4.464000 
1.639000 
7.181000 
5.116000 
3.781000 
4.743000 
3.924000 
9.230000 
2.422000 
9.919000 
0.403000 
2.069000 
1.431000 
9.612000 
0.288000 
3.072000 
2.973000 
2.756000 
0.161000 
0.561000 
0.595000 
2.944000 
8.077000 
6.362000 
8.424000 
8.719000 
4.069000 
4.733000 
5.099000 
4.065000 
8.339000 
2.844000 
8.200000 
0.523000 
6.177000 
5.008000 
2.740000 
7.645000 
6.478000 
0.374000 
6.640000 
0.081000 
6.233000 
2.562000 
9.161000 
9.424000 
6.468000 
1.517000 
0.572000 
5.734000 
5.829000 
9.875000 
8.695000 
8.444000 
7.879000 
6.428000 
7.911000 
7.932000 
1.325000 
4.533000 
9.825000 
0.690000 
8.929000 
7.314000 


6.953000 
5.307000 
0.143000 
4.056000 
5.406000 
6.717000 
1.318000 
0.508000 
6.007000 
2.430000 
1.639000 
4.170000 
3.624000 
7.758000 
9.773000 
1.110000 
4.473000 
2.212000 
7.952000 
6.159000 
5.121000 
9.348000 
8.726000 
4.725000 
1.002000 
8.418000 
6.822000 
0.458000 
0.153000 
5.703000 
9.641000 
3.004000 
9.584000 
1.435000 
7.838000 
3.599000 
3.175000 
2.103000 
5.509000 
6.634000 
6.688000 
1.856000 
0.345000 
0.309000 
6.884000 
3.129000 
5.531000 
6.992000 
4.054000 
9.003000 
8.725000 
7.556000 
1.903000 
3.801000 
2.840000 
2.979000 
4.544000 
9.392000 
9.854000 
8.092000 
8.418000 
9.616000 
0.058000 
9.064000 


7.739000 
2.357000 
7.023000 
4.717000 
5.925000 
5.394000 
1.658000 
4.646000 
5.912000 
3.796000 
0.092000 
8.857000 
9.461000 
2.460000 
7.785000 
9.985000 
2.296000 
8.341000 
8.608000 
7.301000 
7.928000 
3.298000 
7.420000 
8.494000 
8.335000 
5.452000 
0.531000 
3.290000 
9.135000 
2.216000 
9.978000 
8.797000 
0.896000 
7.946000 
2.900000 
0.389000 
4.295000 
3.119000 
7.984000 
1.401000 
6.608000 
1.099000 
7.514000 
9.835000 
6.491000 
9.922000 
0.605000 
5.097000 
8.561000 
3.709000 
0.995000 
8.641000 
4.138000 
9.711000 
6.078000 
1.146000 
0.669000 
2.529000 
9.339000 
1.185000 
7.121000 
8.653000 
6.178000 
1.932000 


3.145000 
2.552000 
9.740000 
2.136000 
9.306000 
8.704000 
9.311000 
0.775000 
4.801000 
4.515000 
2.022000 
6.323000 
3.159000 
3.221000 
5.078000 
4.076000 
7.147000 
5.069000 
4.174000 
3.469000 
5.404000 
1.569000 
8.376000 
7.399000 
2.002000 
7.318000 
3.967000 
9.519000 
1.322000 
2.816000 
0.598000 
3.680000 
6.225000 
0.984000 
2.306000 
6.583000 
2.978000 
5.129000 
6.850000 
4.532000 
0.795000 
9.228000 
8.196000 
4.592000 
4.191000 
8.622000 
0.653000 
8.886000 
7.404000 
3.629000 
0.675000 
0.125000 
4.717000 
1.361000 
4.135000 
0.419000 
4.096000 
2.396000 
1.098000 
4.514000 
0.749000 
6.431000 
8.143000 
0.984000 


1.540000 
4.315000 
7.530000 
8.574000 
2.399000 
3.815000 
2.180000 
4.169000 
6.586000 
1.272000 
9.907000 
9.326000 
1.627000 
8.411000 
7.428000 
4.374000 
0.361000 
3.888000 
9.482000 
6.490000 
5.101000 
1.120000 
3.596000 
9.910000 
4.560000 
0.570000 
3.321000 
7.827000 
2.007000 
3.775000 
8.338000 
1.107000 
3.191000 
9.294000 
6.514000 
7.258000 
2.442000 
8.898000 
2.725000 
8.924000 
6.343000 
4.456000 
5.743000 
7.317000 
1.226000 
9.889000 
1.946000 
4.615000 
5.049000 
4.162000 
9.693000 
9.531000 
2.503000 
0.877000 
3.590000 
5.217000 
9.296000 
5.950000 
8.309000 
9.142000 
7.064000 
9.099000 
2.732000 
4.147000 


3.975000 
5.697000 
2.434000 
8.508000 
0.010000 
2.870000 
5.539000 
9.885000 
0.465000 
2.578000 
5.456000 
4.661000 
3.456000 
7.883000 
6.530000 
6.674000 
3.044000 
0.525000 
0.303000 
3.119000 
1.123000 
0.265000 
6.781000 
0.553000 
2.339000 
8.724000 
1.204000 
6.667000 
9.849000 
3.552000 
9.285000 
3.236000 
5.301000 
0.511000 
9.147000 
5.918000 
2.324000 
9.636000 
2.687000 
9.055000 
9.672000 
9.173000 
7.516000 
8.240000 
3.095000 
6.448000 
4.723000 
7.413000 
9.797000 
5.630000 
4.258000 
1.918000 
0.436000 
8.391000 
4.447000 
0.853000 
1.577000 
7.700000 
8.571000 
5.514000 
6.790000 
0.398000 
7.998000 
7.890000 


8.439000 
5.796000 
4.125000 
1.984000 
8.325000 
0.389000 
4.174000 
3.245000 
3.973000 
7.549000 
9.590000 
4.210000 
1.378000 
4.246000 
1.475000 
6.228000 
8.361000 
8.963000 
6.092000 
3.399000 
7.675000 
3.542000 
7.735000 
0.304000 
4.085000 
4.252000 
7.269000 
6.408000 
2.126000 
0.727000 
9.142000 
9.867000 
8.981000 
9.989000 
6.130000 
2.194000 
9.881000 
8.358000 
8.876000 
9.324000 
2.868000 
9.341000 
4.742000 
5.136000 
9.107000 
0.469000 
2.819000 
2.105000 
5.519000 
9.577000 
8.187000 
4.510000 
0.213000 
2.037000 
1.530000 
4.755000 
7.642000 
0.887000 
2.549000 
5.605000 
1.887000 
6.257000 
9.115000 
9.211000 


6.809000 
5.339000 
3.264000 
9.417000 
2.717000 
8.919000 
9.169000 
1.350000 
0.474000 
5.548000 
4.613000 
7.383000 
9.933000 
7.559000 
2.003000 
6.387000 
1.910000 
6.512000 
7.928000 
5.004000 
0.089000 
7.597000 
0.301000 
2.421000 
3.890000 
6.502000 
1.828000 
1.356000 
7.526000 
9.865000 
2.037000 
7.397000 
0.683000 
1.826000 
8.895000 
1.960000 
7.106000 
4.594000 
1.210000 
0.887000 
7.690000 
9.955000 
7.627000 
0.335000 
6.578000 
7.386000 
2.805000 
5.267000 
1.397000 
8.451000 
0.276000 
5.629000 
6.321000 
7.495000 
3.591000 
8.983000 
2.124000 
9.855000 
0.250000 
1.257000 
0.391000 
8.148000 
6.131000 
9.388000 


3.213000 
0.525000 
0.954000 
3.576000 
2.729000 
7.511000 
5.806000 
6.658000 
1.786000 
0.386000 
6.704000 
7.921000 
2.992000 
9.347000 
5.837000 
9.356000 
9.278000 
8.892000 
2.387000 
6.565000 
9.892000 
4.141000 
3.275000 
6.332000 
3.666000 
6.154000 
4.715000 
0.170000 
0.145000 
3.182000 
4.605000 
7.737000 
5.123000 
3.172000 
5.450000 
1.683000 
0.166000 
3.744000 
9.328000 
1.207000 
3.147000 
9.717000 
7.788000 
1.921000 
5.756000 
6.621000 
6.698000 
3.301000 
7.340000 
8.388000 
2.563000 
4.484000 
2.248000 
5.226000 
4.656000 
0.923000 
0.146000 
8.370000 
3.231000 
8.573000 
8.100000 
8.405000 
5.904000 
2.972000 


4.531000 
8.738000 
7.784000 
2.527000 
4.154000 
4.313000 
0.539000 
9.319000 
8.580000 
1.325000 
4.333000 
7.150000 
7.796000 
3.584000 
3.613000 
9.649000 
0.621000 
7.943000 
4.314000 
4.790000 
0.929000 
6.335000 
0.691000 
4.858000 
9.696000 
7.434000 
8.785000 
2.815000 
2.844000 
2.986000 
5.659000 
0.955000 
3.726000 
1.039000 
5.721000 
9.213000 
7.637000 
4.471000 
7.555000 
3.952000 
4.569000 
3.984000 
8.675000 
6.288000 
5.902000 
4.330000 
8.261000 
4.195000 
4.183000 
6.380000 
3.767000 
2.907000 
3.845000 
6.085000 
9.412000 
1.355000 
4.127000 
3.687000 
4.843000 
0.675000 
1.953000 
5.012000 
0.290000 
4.906000 


7.145000 
3.434000 
9.583000 
8.669000 
6.424000 
7.533000 
7.495000 
2.521000 
6.932000 
0.777000 
8.888000 
5.226000 
2.809000 
3.760000 
2.149000 
6.629000 
6.304000 
6.558000 
9.109000 
5.668000 
6.333000 
4.074000 
8.441000 
1.803000 
9.157000 
9.854000 
3.089000 
5.239000 
8.022000 
1.702000 
4.018000 
5.817000 
1.098000 
2.562000 
3.955000 
2.094000 
1.431000 
0.469000 
9.116000 
1.599000 
3.908000 
6.319000 
2.885000 
9.248000 
3.262000 
7.430000 
8.337000 
3.956000 
5.622000 
2.347000 
4.749000 
6.218000 
3.314000 
8.757000 
8.015000 
0.704000 
8.161000 
5.273000 
4.933000 
4.657000 
4.527000 
1.829000 
1.686000 
5.003000 


8.655000 
3.238000 
8.144000 
8.641000 
5.199000 
0.241000 
4.107000 
7.842000 
7.968000 
2.371000 
6.692000 
3.801000 
5.468000 
0.435000 
0.471000 
4.463000 
9.141000 
5.235000 
6.214000 
1.448000 
7.627000 
7.332000 
2.634000 
6.706000 
0.993000 
2.560000 
6.106000 
8.904000 
1.048000 
8.728000 
1.130000 
6.998000 
9.950000 
0.261000 
2.462000 
0.282000 
9.751000 
8.175000 
9.141000 
5.692000 
3.959000 
4.172000 
7.318000 
7.991000 
8.768000 
9.885000 
2.616000 
9.226000 
5.470000 
5.082000 
7.549000 
8.022000 
2.980000 
2.391000 
1.079000 
4.960000 
2.688000 
1.456000 
2.210000 
8.372000 
2.520000 
9.933000 
1.493000 
4.054000 


4.998000 
1.248000 
4.501000 
2.553000 
1.819000 
8.659000 
9.379000 
0.642000 
2.752000 
8.425000 
7.898000 
4.997000 
7.759000 
8.258000 
0.441000 
2.568000 
7.801000 
4.339000 
9.438000 
8.840000 
8.188000 
6.860000 
7.470000 
5.987000 
5.953000 
4.241000 
3.914000 
6.974000 
6.872000 
3.630000 
0.249000 
9.105000 
2.718000 
3.056000 
3.041000 
9.765000 
5.747000 
5.149000 
0.480000 
6.145000 
8.254000 
2.989000 
2.329000 
0.194000 
4.251000 
9.219000 
6.374000 
8.902000 
4.472000 
7.600000 
0.207000 
7.799000 
6.695000 
1.877000 
6.789000 
6.313000 
7.464000 
3.564000 
8.321000 
5.347000 
3.934000 
7.073000 
5.594000 
5.752000 


0.639000 
0.284000 
7.069000 
9.505000 
7.383000 
9.997000 
8.460000 
5.568000 
8.317000 
2.070000 
9.242000 
5.563000 
8.335000 
9.836000 
1.317000 
0.348000 
8.940000 
9.154000 
1.419000 
8.831000 
2.746000 
9.327000 
1.490000 
3.484000 
0.380000 
2.798000 
9.324000 
9.151000 
3.702000 
7.941000 
4.576000 
3.327000 
1.625000 
8.583000 
3.846000 
8.198000 
2.594000 
0.503000 
5.126000 
6.596000 
5.894000 
1.481000 
0.459000 
9.229000 
9.621000 
9.181000 
8.163000 
0.418000 
1.343000 
5.536000 
2.767000 
4.485000 
7.613000 
5.798000 
5.328000 
4.597000 
8.140000 
9.144000 
3.064000 
2.761000 
8.248000 
9.586000 
0.804000 
8.904000 


9.006000 
0.040000 
4.528000 
3.487000 
5.866000 
7.584000 
8.031000 
5.121000 
0.964000 
4.771000 
5.344000 
9.417000 
2.179000 
2.708000 
9.009000 
7.834000 
2.406000 
2.493000 
5.104000 
1.779000 
7.970000 
1.221000 
4.248000 
2.173000 
6.961000 
5.593000 
7.181000 
2.249000 
0.367000 
5.048000 
2.923000 
0.095000 
3.461000 
4.967000 
1.274000 
2.239000 
8.813000 
5.246000 
6.156000 
4.626000 
3.420000 
8.126000 
1.583000 
6.314000 
1.685000 
7.678000 
0.596000 
2.641000 
3.066000 
5.326000 
7.058000 
6.289000 
3.731000 
5.285000 
1.659000 
5.708000 
6.483000 
2.033000 
0.561000 
2.720000 
6.061000 
9.559000 
0.876000 
3.419000 


6.161000 
7.339000 
9.016000 
5.443000 
1.515000 
8.986000 
6.992000 
0.959000 
8.528000 
4.246000 
7.692000 
4.040000 
3.717000 
3.115000 
5.801000 
1.239000 
7.985000 
1.534000 
8.558000 
2.452000 
4.058000 
9.601000 
2.484000 
0.878000 
9.904000 
2.805000 
2.090000 
7.702000 
0.446000 
3.104000 
6.408000 
0.913000 
9.274000 
4.098000 
2.130000 
4.259000 
0.692000 
3.591000 
7.124000 
6.892000 
5.945000 
0.977000 
2.896000 
6.547000 
2.200000 
8.645000 
0.347000 
9.354000 
4.710000 
0.159000 
2.707000 
9.381000 
0.982000 
2.928000 
0.145000 
1.486000 
5.871000 
3.181000 
3.846000 
4.813000 
2.084000 
7.360000 
3.016000 
4.757000 


9.223000 
0.919000 
2.038000 
1.683000 
2.328000 
3.830000 
0.784000 
1.267000 
0.484000 
1.774000 
0.529000 
9.434000 
0.045000 
1.397000 
6.212000 
3.493000 
3.775000 
0.071000 
3.769000 
1.538000 
9.069000 
4.923000 
7.037000 
9.213000 
6.991000 
8.205000 
0.279000 
6.486000 
0.785000 
2.443000 
3.094000 
1.489000 
3.052000 
5.386000 
9.666000 
9.271000 
2.293000 
7.646000 
6.736000 
3.204000 
6.903000 
3.953000 
5.400000 
0.212000 
1.027000 
2.239000 
4.943000 
7.342000 
1.641000 
7.521000 
6.005000 
9.099000 
7.338000 
3.980000 
6.309000 
4.154000 
8.594000 
6.747000 
1.251000 
9.236000 
5.966000 
2.751000 
1.556000 
5.257000 
