CHW
2 8 8
9.074000 7.495000 7.641000 4.447000 7.745000 7.307000 9.754000 2.134000 
0.857000 9.138000 1.750000 6.647000 2.601000 8.804000 1.666000 6.342000 
4.830000 9.683000 0.290000 1.392000 2.270000 9.509000 2.760000 5.367000 
2.860000 2.551000 2.189000 8.981000 2.823000 6.420000 1.028000 7.934000 
2.953000 8.330000 4.451000 0.335000 4.774000 1.451000 7.840000 0.208000 
7.676000 8.015000 1.957000 3.711000 1.134000 5.623000 9.246000 4.372000 
3.879000 4.499000 5.130000 1.404000 1.030000 0.143000 6.026000 2.275000 
9.463000 2.623000 9.991000 8.906000 2.817000 9.639000 0.790000 6.967000 


9.418000 9.352000 2.652000 7.157000 6.316000 8.905000 0.356000 5.100000 
4.175000 7.593000 0.409000 1.643000 7.380000 7.994000 7.997000 9.192000 
9.132000 4.668000 5.652000 1.820000 8.182000 0.662000 4.610000 4.710000 
9.837000 9.303000 5.154000 9.825000 8.580000 7.057000 5.485000 0.345000 
1.145000 2.755000 5.895000 8.766000 1.652000 2.616000 1.543000 5.047000 
5.982000 7.979000 8.000000 0.023000 8.327000 9.510000 6.033000 4.783000 
3.925000 3.975000 2.113000 3.898000 4.874000 0.028000 0.193000 0.501000 
8.482000 3.663000 8.988000 3.063000 3.470000 3.833000 1.484000 3.033000 
