HWC
8 8 1
9.074000 
7.495000 
7.641000 
4.447000 
7.745000 
7.307000 
9.754000 
2.134000 


0.857000 
9.138000 
1.750000 
6.647000 
2.601000 
8.804000 
1.666000 
6.342000 


4.830000 
9.683000 
0.290000 
1.392000 
2.270000 
9.509000 
2.760000 
5.367000 


2.860000 
2.551000 
2.189000 
8.981000 
2.823000 
6.420000 
1.028000 
7.934000 


2.953000 
8.330000 
4.451000 
0.335000 
4.774000 
1.451000 
7.840000 
0.208000 


7.676000 
8.015000 
1.957000 
3.711000 
1.134000 
5.623000 
9.246000 
4.372000 


3.879000 
4.499000 
5.130000 
1.404000 
1.030000 
0.143000 
6.026000 
2.275000 


9.463000 
2.623000 
9.991000 
8.906000 
2.817000 
9.639000 
0.790000 
6.967000 
