CHW
8 8 8
9.074000 7.495000 7.641000 4.447000 7.745000 7.307000 9.754000 2.134000 
0.857000 9.138000 1.750000 6.647000 2.601000 8.804000 1.666000 6.342000 
4.830000 9.683000 0.290000 1.392000 2.270000 9.509000 2.760000 5.367000 
2.860000 2.551000 2.189000 8.981000 2.823000 6.420000 1.028000 7.934000 
2.953000 8.330000 4.451000 0.335000 4.774000 1.451000 7.840000 0.208000 
7.676000 8.015000 1.957000 3.711000 1.134000 5.623000 9.246000 4.372000 
3.879000 4.499000 5.130000 1.404000 1.030000 0.143000 6.026000 2.275000 
9.463000 2.623000 9.991000 8.906000 2.817000 9.639000 0.790000 6.967000 


9.418000 9.352000 2.652000 7.157000 6.316000 8.905000 0.356000 5.100000 
4.175000 7.593000 0.409000 1.643000 7.380000 7.994000 7.997000 9.192000 
9.132000 4.668000 5.652000 1.820000 8.182000 0.662000 4.610000 4.710000 
9.837000 9.303000 5.154000 9.825000 8.580000 7.057000 5.485000 0.345000 
1.145000 2.755000 5.895000 8.766000 1.652000 2.616000 1.543000 5.047000 
5.982000 7.979000 8.000000 0.023000 8.327000 9.510000 6.033000 4.783000 
3.925000 3.975000 2.113000 3.898000 4.874000 0.028000 0.193000 0.501000 
8.482000 3.663000 8.988000 3.063000 3.470000 3.833000 1.484000 3.033000 


2.506000 5.231000 2.454000 4.736000 8.348000 2.801000 2.544000 7.420000 
4.487000 3.860000 7.474000 7.144000 2.200000 3.152000 5.945000 5.447000 
5.898000 9.422000 6.159000 8.385000 5.275000 9.400000 0.842000 1.549000 
0.608000 5.157000 8.685000 1.730000 5.982000 0.922000 7.420000 6.730000 
3.399000 8.023000 0.311000 0.418000 3.948000 6.109000 2.991000 2.823000 
9.419000 8.033000 2.986000 5.342000 4.646000 7.248000 5.338000 1.737000 
6.483000 4.648000 2.521000 1.436000 1.238000 3.963000 7.907000 0.533000 
7.472000 1.783000 4.682000 2.131000 2.446000 4.099000 6.063000 6.521000 


5.597000 8.397000 2.589000 0.940000 3.731000 0.760000 0.746000 5.317000 
6.212000 1.381000 3.282000 6.575000 5.596000 3.512000 2.863000 3.262000 
3.908000 9.283000 7.844000 3.028000 4.182000 5.918000 1.434000 9.499000 
7.392000 8.540000 7.097000 6.403000 8.495000 7.057000 9.006000 8.875000 
4.682000 5.763000 7.437000 3.158000 8.931000 2.900000 9.367000 4.363000 
5.984000 3.787000 0.724000 2.127000 2.810000 9.633000 8.559000 4.730000 
9.370000 8.471000 8.340000 1.131000 3.409000 3.989000 9.135000 9.537000 
7.609000 4.553000 9.866000 0.256000 4.920000 0.845000 1.102000 3.072000 


5.125000 9.984000 5.877000 7.090000 1.498000 8.416000 5.784000 2.106000 
3.981000 4.430000 6.044000 9.228000 7.280000 0.796000 2.002000 1.558000 
4.468000 6.945000 9.009000 5.985000 1.467000 7.494000 5.058000 3.349000 
8.963000 9.238000 1.522000 8.676000 4.893000 9.888000 6.044000 0.374000 
9.341000 7.211000 4.059000 5.210000 0.301000 9.130000 5.008000 0.750000 
9.314000 1.683000 4.807000 5.990000 6.183000 2.947000 3.677000 2.741000 
9.698000 7.720000 5.852000 9.284000 8.339000 7.864000 9.949000 0.024000 
4.954000 0.100000 8.419000 2.166000 4.673000 3.182000 1.140000 7.720000 


8.579000 4.595000 1.075000 6.936000 4.997000 5.467000 9.766000 0.562000 
9.902000 7.187000 9.456000 9.276000 0.819000 8.831000 1.086000 9.149000 
8.344000 0.449000 0.328000 1.538000 8.538000 2.976000 8.848000 2.081000 
6.904000 3.424000 4.974000 6.842000 7.863000 0.457000 8.577000 4.966000 
6.055000 9.045000 9.153000 4.414000 3.941000 8.699000 7.281000 4.244000 
6.401000 6.898000 9.425000 9.873000 5.767000 2.589000 6.288000 7.618000 
2.971000 5.080000 3.598000 2.519000 3.236000 9.385000 8.352000 1.055000 
0.354000 8.833000 4.398000 3.420000 5.388000 4.510000 6.270000 0.372000 


5.143000 4.070000 7.650000 5.337000 4.160000 4.108000 1.055000 3.618000 
5.821000 7.542000 1.157000 6.737000 6.028000 0.925000 6.079000 7.892000 
9.454000 9.019000 8.551000 4.344000 5.430000 5.224000 9.968000 0.600000 
7.645000 8.712000 1.808000 8.051000 9.400000 0.135000 6.627000 9.405000 
6.341000 5.890000 9.133000 3.957000 1.391000 7.402000 0.728000 9.852000 
2.496000 9.880000 6.718000 8.493000 9.612000 4.302000 9.360000 1.377000 
8.484000 6.947000 0.206000 8.534000 6.437000 5.660000 6.642000 8.243000 
6.780000 6.146000 5.110000 2.321000 2.325000 3.666000 3.034000 3.739000 


2.311000 5.489000 4.294000 0.466000 9.015000 0.601000 7.990000 1.147000 
9.671000 0.973000 0.989000 9.505000 2.621000 1.352000 8.215000 9.878000 
8.482000 5.747000 2.094000 9.860000 8.691000 3.118000 5.658000 0.507000 
0.615000 0.112000 7.478000 4.919000 9.140000 8.459000 4.066000 6.937000 
6.409000 8.029000 5.249000 2.317000 4.703000 9.677000 2.405000 2.044000 
8.017000 0.976000 4.477000 8.299000 4.870000 3.677000 7.800000 0.541000 
3.299000 9.064000 2.812000 1.545000 3.169000 0.581000 1.407000 4.946000 
7.485000 1.273000 4.522000 1.932000 9.035000 1.033000 2.575000 7.396000 
