CHW
4 8 8
9.074000 7.495000 7.641000 4.447000 7.745000 7.307000 9.754000 2.134000 
0.857000 9.138000 1.750000 6.647000 2.601000 8.804000 1.666000 6.342000 
4.830000 9.683000 0.290000 1.392000 2.270000 9.509000 2.760000 5.367000 
2.860000 2.551000 2.189000 8.981000 2.823000 6.420000 1.028000 7.934000 
2.953000 8.330000 4.451000 0.335000 4.774000 1.451000 7.840000 0.208000 
7.676000 8.015000 1.957000 3.711000 1.134000 5.623000 9.246000 4.372000 
3.879000 4.499000 5.130000 1.404000 1.030000 0.143000 6.026000 2.275000 
9.463000 2.623000 9.991000 8.906000 2.817000 9.639000 0.790000 6.967000 


9.418000 9.352000 2.652000 7.157000 6.316000 8.905000 0.356000 5.100000 
4.175000 7.593000 0.409000 1.643000 7.380000 7.994000 7.997000 9.192000 
9.132000 4.668000 5.652000 1.820000 8.182000 0.662000 4.610000 4.710000 
9.837000 9.303000 5.154000 9.825000 8.580000 7.057000 5.485000 0.345000 
1.145000 2.755000 5.895000 8.766000 1.652000 2.616000 1.543000 5.047000 
5.982000 7.979000 8.000000 0.023000 8.327000 9.510000 6.033000 4.783000 
3.925000 3.975000 2.113000 3.898000 4.874000 0.028000 0.193000 0.501000 
8.482000 3.663000 8.988000 3.063000 3.470000 3.833000 1.484000 3.033000 


2.506000 5.231000 2.454000 4.736000 8.348000 2.801000 2.544000 7.420000 
4.487000 3.860000 7.474000 7.144000 2.200000 3.152000 5.945000 5.447000 
5.898000 9.422000 6.159000 8.385000 5.275000 9.400000 0.842000 1.549000 
0.608000 5.157000 8.685000 1.730000 5.982000 0.922000 7.420000 6.730000 
3.399000 8.023000 0.311000 0.418000 3.948000 6.109000 2.991000 2.823000 
9.419000 8.033000 2.986000 5.342000 4.646000 7.248000 5.338000 1.737000 
6.483000 4.648000 2.521000 1.436000 1.238000 3.963000 7.907000 0.533000 
7.472000 1.783000 4.682000 2.131000 2.446000 4.099000 6.063000 6.521000 


5.597000 8.397000 2.589000 0.940000 3.731000 0.760000 0.746000 5.317000 
6.212000 1.381000 3.282000 6.575000 5.596000 3.512000 2.863000 3.262000 
3.908000 9.283000 7.844000 3.028000 4.182000 5.918000 1.434000 9.499000 
7.392000 8.540000 7.097000 6.403000 8.495000 7.057000 9.006000 8.875000 
4.682000 5.763000 7.437000 3.158000 8.931000 2.900000 9.367000 4.363000 
5.984000 3.787000 0.724000 2.127000 2.810000 9.633000 8.559000 4.730000 
9.370000 8.471000 8.340000 1.131000 3.409000 3.989000 9.135000 9.537000 
7.609000 4.553000 9.866000 0.256000 4.920000 0.845000 1.102000 3.072000 
